站號,站名,日期,lat,lon,BLBTSLS
C0R710,龍磐,2015-06-17,21.931672,120.838942,0.99653625
C1F9D1,白毛台,2015-06-17,24.158325,120.886933,1.527253e-06
C0G940,竹塘,2015-06-17,23.848253,120.386764,0.91083795
467590,恆春,2015-06-17,22.003897,120.746339,0.99134004
C1O850,環湖,2015-06-17,23.148617,120.418633,0.51669645
C0U710,太平山,2015-06-17,24.505486,121.525656,1.0945578e-09
C0E820,獅潭,2015-06-17,24.539133,120.920042,0.9991517
C0V880,興達,2015-06-17,22.8778,120.2127,0.1669228
C0S890,關山,2015-06-17,23.0395,121.175017,0.04803505
C0SB30,新蘭,2015-06-17,22.869214,121.223228,0.069493555
C2R970,屏科大,2015-06-17,22.648275,120.619247,0.95620596
K2F750,種苗繁殖,2015-06-17,24.225972,120.800917,0.00031566585
C1Z130,銅門,2015-06-17,23.965694,121.492842,0.116332725
C0AD40,土城,2015-06-17,24.973208,121.445169,0.0013720127
CAN140,六官養殖協會,2015-06-17,23.22881,120.29962,0.96648926
C0X180,山上,2015-06-17,23.0757,120.363253,0.8268988
C0F9Z0,雪山東峰,2015-06-17,24.388792,121.268675,2.7484446e-09
C1M480,獨立山,2015-06-17,23.537022,120.607797,1.0463211e-08
C0X220,學甲,2015-06-17,23.230367,120.182187,0.047842707
467650,日月潭,2015-06-17,23.881325,120.90805,2.1688567e-08
C0K600,箔子寮,2015-06-17,23.6197,120.14,0.060153622
C0G830,埤頭,2015-06-17,23.866003,120.452806,0.7253404
C0S950,七塊厝,2015-06-17,22.954453,121.229922,0.00087255496
467110,金門,2015-06-17,24.407306,118.289281,0.0052811913
C0AH80,深坑,2015-06-17,25.002703,121.628328,0.0012670604
467990,馬祖,2015-06-17,26.169269,119.923419,0.17088257
C0A970,三貂角,2015-06-17,25.007606,122.002058,0.9598325
C2D730,寶山農場,2015-06-17,24.732444,120.976153,0.99657714
C0K430,褒忠,2015-06-17,23.690938,120.303634,0.5231312
467480,嘉義,2015-06-17,23.495925,120.432906,0.0009167421
C2E540,後龍,2015-06-17,24.606489,120.783933,0.97402626
C0V400,阿公店,2015-06-17,22.804194,120.355528,0.9824518
C0R440,大漢山,2015-06-17,22.405264,120.753181,1.1987296e-09
C0K280,四湖,2015-06-17,23.630414,120.227125,0.005060776
C1F9B1,桐林,2015-06-17,24.066172,120.735194,0.83504605
C2H9U0,鳳鵬,2015-06-17,23.763919,120.788061,1.6444283e-06
C0K390,土庫,2015-06-17,23.679029,120.395574,0.99409765
C1I450,望鄉山,2015-06-17,23.594153,120.944286,1.9576385e-09
C0E910,海埔,2015-06-17,24.648767,120.772435,0.9981713
B2E890,畜試北區分所,2015-06-17,24.527806,120.770972,0.8023422
C0R750,四林格山,2015-06-17,22.076989,120.802439,0.0009176653
C0F0C0,中坑,2015-06-17,24.248517,120.903319,3.8134385e-08
C1I121,大鞍,2015-06-17,23.678381,120.760017,1.4903583e-09
72U480,花改蘭陽分場,2015-06-17,24.686306,121.716583,0.0040741055
C0A770,科教館,2015-06-17,25.096356,121.516507,0.0016046447
C0AJ60,六塊厝,2015-06-17,25.24,121.4481,0.0058362684
C0R620,墾雷,2015-06-17,21.900836,120.855269,0.99192494
467420,永康,2015-06-17,23.038386,120.2367,0.084550224
467300,東吉島,2015-06-17,23.25695,119.667467,0.72485155
C0I410,名間,2015-06-17,23.837053,120.701447,0.01360513
A2C560,農工中心,2015-06-17,24.985917,121.239833,0.82179785
C0V740,旗山,2015-06-17,22.888614,120.483597,0.8747786
C0Z061,玉里,2015-06-17,23.3215,121.339656,0.9871742
C0S840,南田,2015-06-17,22.279725,120.889208,0.48751107
C1I470,杉林溪,2015-06-17,23.639517,120.786444,1.1593072e-09
C1X040,東原,2015-06-17,23.291597,120.463822,0.069514714
C0R660,枋寮,2015-06-17,22.367722,120.590647,0.18181762
C1R120,上德文,2015-06-17,22.763272,120.704442,0.45275775
C0K450,大埤,2015-06-17,23.646074,120.431537,0.9896354
C0UA00,土場,2015-06-17,24.576533,121.495333,0.49905285
467080,宜蘭,2015-06-17,24.763975,121.756528,0.021121413
C0N030,四草,2015-06-17,23.0235,120.1116,0.1473483
C0V650,彌陀,2015-06-17,22.783806,120.246361,0.23804924
C0D660,新竹市東區,2015-06-17,24.798681,120.986942,0.9950812
82S580,茶改東部分場,2015-06-17,22.907694,121.130139,0.060849726
C0SB40,興隆,2015-06-17,22.913661,121.257469,0.020692458
C0C710,大溪永福,2015-06-17,24.892936,121.324975,0.72174275
C0FA20,溫寮,2015-06-17,24.372177,120.583125,0.057660118
C0V640,湖內,2015-06-17,22.887139,120.2445,0.17712769
C0R910,下寮,2015-06-17,22.3929,120.5548,0.05615171
C0Z020,明里,2015-06-17,23.208717,121.262342,0.12079704
C0M770,嘉義梅山,2015-06-17,23.585398,120.555587,0.9739066
G2F820,農業試驗所,2015-06-17,24.031261,120.688133,0.010493566
C0C660,楊梅,2015-06-17,24.912375,121.143047,0.9463975
C1E511,新開,2015-06-17,24.347703,120.827019,0.98441494
G2F820,農試所(霧峰),2015-06-17,24.031261,120.688133,0.010493566
C1I070,和社,2015-06-17,23.591131,120.888861,2.5540466e-08
C2F000,大肚,2015-06-17,24.15295,120.572117,0.95866185
C1S850,豐南,2015-06-17,23.122139,121.262389,0.00032567544
C2A920,富貴角,2015-06-17,25.263783,121.565258,0.0008971005
CAH030,茶改場竹圍站,2015-06-17,23.860083,120.637528,2.0810776e-05
C0T960,光復,2015-06-17,23.660694,121.424964,0.99248785
C0F9M0,豐原,2015-06-17,24.254322,120.720692,0.74716604
C0R720,旭海,2015-06-17,22.205403,120.887614,0.93926626
C0V710,苓雅,2015-06-17,22.622742,120.330669,0.7345958
C0C740,觀音工業區,2015-06-17,25.064764,121.114856,0.973286
CAC040,拉拉山,2015-06-17,24.699317,121.427133,4.9244764e-10
C0V790,萬山,2015-06-17,22.905944,120.688056,0.6644959
U2HA30,臺大和社,2015-06-17,23.590856,120.888864,2.5540466e-08
C0AJ90,澳底,2015-06-17,25.0552,121.9253,0.9162109
C0Z100,東華,2015-06-17,23.89525,121.549833,0.12030061
C0G970,三豐,2015-06-17,23.882,120.2895,0.004169936
V2K610,大庄合作社,2015-06-17,23.8068,120.367939,0.014638317
C0V900,汕尾,2015-06-17,22.4782,120.4151,0.87047327
C1R630,龍泉,2015-06-17,22.66701,120.59091,0.9781762
C1AC50,關渡,2015-06-17,25.133486,121.469331,0.00042882565
C0F9I0,神岡,2015-06-17,24.272481,120.658314,0.8626166
C0K460,斗南,2015-06-17,23.678734,120.478359,0.99185675
467410,臺南,2015-06-17,22.993239,120.204772,0.08814644
C2O810,曾文,2015-06-17,23.219681,120.497328,0.010503196
467280,後龍,2015-06-17,24.648563,120.831834,0.9982375
C1F9J1,清水林,2015-06-17,24.071242,120.820419,6.5956937e-07
C2A650,火燒寮,2015-06-17,25.002719,121.742892,0.9905799
466930,竹子湖,2015-06-17,25.162078,121.544547,1.6981417e-07
C1I220,樟湖,2015-06-17,23.905333,120.846983,1.2886714e-09
C0I390,仁愛,2015-06-17,24.022122,121.132206,6.2081686e-09
C0Z300,東里,2015-06-17,23.26853,121.30547,0.9884174
C1V590,新發,2015-06-17,23.057019,120.646064,0.9481376
C0K510,水林,2015-06-17,23.572924,120.24597,0.0537456
72S590,東改賓朗果園,2015-06-17,22.813889,121.071278,0.33007264
82A750,茶改北部分場,2015-06-17,24.955778,121.631222,0.10339402
C1A750,石碇服務區,2015-06-17,25.00872,121.646242,0.0010054364
C0X300,鹿寮,2015-06-17,23.386047,120.477331,0.8870489
G2AI50,關渡,2015-06-17,25.11575,121.492,0.0017546436
C0K590,雲林東勢,2015-06-17,23.674192,120.255721,0.5253908
C0A570,桶後,2015-06-17,24.848222,121.597992,0.03757606
C1S800,華源,2015-06-17,22.657883,121.02325,0.32151866
C0G720,溪州,2015-06-17,23.851589,120.499093,0.6937254
C1V160,達卡努瓦,2015-06-17,23.279811,120.705319,2.5218934e-09
C2M410,馬頭山,2015-06-17,23.324361,120.582017,0.0035054337
C0V850,蚵仔寮,2015-06-17,22.7256,120.2527,0.27926636
C0S740,池上,2015-06-17,23.119628,121.209469,0.017292175
C1V390,尖山,2015-06-17,22.813153,120.367789,0.9795815
C0AH70,松山,2015-06-17,25.04871,121.55042,0.0022694094
C0N010,鯤鯓國小,2015-06-17,23.1879,120.0889,0.019049194
C0R550,新埤,2015-06-17,22.467947,120.582894,0.978264
C0SA60,知本（水試所）,2015-06-17,22.702394,121.082761,0.4148775
C0T9I0,豐濱,2015-06-17,23.583897,121.514806,0.99913746
C0UB00,淡江大學蘭陽校園,2015-06-17,24.823239,121.730383,0.684453
C0W240,九宮,2015-06-17,24.423753,118.240186,0.89385486
C0T9N0,富里,2015-06-17,23.171639,121.249378,0.0117457025
U2HA50,臺大竹山,2015-06-17,23.756972,120.681556,0.00052169943
C0V840,鳳鼻頭,2015-06-17,22.5083,120.3591,0.7509248
C0X140,西港,2015-06-17,23.125608,120.203108,0.02853575
72D080,桃改五峰分場,2015-06-17,24.612194,121.157167,2.5604168e-08
C2H9P0,伊拿谷,2015-06-17,23.963211,121.088264,1.3317546e-07
C2H9F0,柑林,2015-06-17,24.018658,120.847072,0.000114875416
C0TA20,加灣,2015-06-17,24.082025,121.608944,0.033614848
C0V530,阿蓮,2015-06-17,22.883208,120.327508,0.94221145
C1O880,關山,2015-06-17,23.173397,120.594092,0.0016631538
C0E791,卓蘭,2015-06-17,24.3126,120.8244,0.9835016
C1I030,武界,2015-06-17,23.913225,121.052483,3.6686043e-07
C0R520,崁頂,2015-06-17,22.514781,120.506914,0.055230893
C0R341,牡丹,2015-06-17,22.130036,120.792639,0.07647892
C0R930,萬丹,2015-06-17,22.5885,120.4851,0.9765767
C0S760,紅石,2015-06-17,23.069131,121.126219,1.1799244e-09
C1M610,石磐龍,2015-06-17,23.496606,120.663506,1.8358418e-09
C0UA10,鴛鴦湖,2015-06-17,24.590269,121.412228,5.993382e-10
V2C260,八德蔬果,2015-06-17,24.978508,121.281819,0.0009794502
C0R800,丹路,2015-06-17,22.204481,120.750989,0.055991836
C0G920,永靖,2015-06-17,23.924703,120.547533,0.14395742
C2M950,太和,2015-06-17,23.538372,120.702961,8.5650054e-10
C1A630,下盆,2015-06-17,24.771003,121.538622,0.93472403
B2N890,畜產試驗所,2015-06-17,23.058972,120.336406,0.99019295
C0UA30,白嶺,2015-06-17,24.527819,121.519031,1.204701e-08
C1V580,溪南(特生中心),2015-06-17,23.084972,120.788475,1.30909e-09
C1T970,大農,2015-06-17,23.615233,121.413331,0.9986183
E2S960,林試太麻里2,2015-06-17,22.598014,120.989761,0.99719715
C0R650,竹田,2015-06-17,22.58486,120.54344,0.97649467
C1H900,清流,2015-06-17,24.080775,120.962997,2.765174e-05
C1C510,水尾,2015-06-17,24.940081,121.087161,0.98006594
C0F9X0,大雅(中科園區),2015-06-17,24.21528,120.62445,0.31812713
C0SB60,白守蓮,2015-06-17,23.126769,121.401914,0.058445685
C0O970,虎頭埤,2015-06-17,23.021375,120.347878,0.9631038
C0C730,中大臨海站,2015-06-17,24.966126,121.008581,0.9665155
C0X250,新營,2015-06-17,23.310689,120.316681,0.98409754
C0V700,三民,2015-06-17,22.645017,120.311233,0.7345958
C0U870,大礁溪,2015-06-17,24.791042,121.675047,0.06288153
C0E870,高鐵苗栗,2015-06-17,24.60725,120.826094,0.9765749
A2K570,古坑花卉中心,2015-06-17,23.63353,120.55239,0.5902778
C0M860,新美,2015-06-17,23.338017,120.683169,2.425536e-06
C1E701,八卦,2015-06-17,24.491756,120.927619,0.03391055
C0I420,國姓,2015-06-17,24.037803,120.855072,0.17289312
C2D720,關西工作站,2015-06-17,24.757275,121.184792,0.4203115
C0S960,香蘭,2015-06-17,22.587569,120.993375,0.99719256
C0R260,春日,2015-06-17,22.370361,120.628306,0.14433163
72G600,臺中農改場,2015-06-17,24.003028,120.534389,0.03178709
C0Z210,瑞穗,2015-06-17,23.5239,121.39021,0.99855345
C0M820,達邦,2015-06-17,23.453994,120.749517,4.5166466e-09
C0V860,南寮,2015-06-17,22.7616,120.2339,0.21995832
C0G740,大城,2015-06-17,23.852487,120.320935,0.0042456533
C0R920,塭仔,2015-06-17,22.4169,120.5197,0.05953352
C0R470,高樹,2015-06-17,22.826389,120.600806,0.9894644
C0R680,佳樂水,2015-06-17,21.993578,120.861633,0.9898486
C1O870,大棟山,2015-06-17,23.31157,120.52226,9.56699e-10
C0D360,梅花,2015-06-17,24.678347,121.208558,2.1887643e-06
C0Z190,富世,2015-06-17,24.14743,121.6297,0.2340722
C0AI10,屈尺,2015-06-17,24.92184,121.54475,0.0012670604
B2U990,畜試東區分所,2015-06-17,24.669039,121.832561,0.004025354
C0SB80,長濱漁港,2015-06-17,23.313644,121.459994,0.9054538
C0R240,來義,2015-06-17,22.527306,120.625111,0.17405602
C0V910,大樹,2015-06-17,22.684645,120.432803,0.9696603
C1R610,西大武山,2015-06-17,22.617719,120.7322,1.2698085e-09
C0G900,線西,2015-06-17,24.143358,120.443536,0.07800975
C0M700,竹崎,2015-06-17,23.526178,120.555508,0.04796678
C2E880,三義,2015-06-17,24.405478,120.749819,0.07689715
C0C720,竹圍,2015-06-17,25.112692,121.239824,0.00490216
C0F9P0,清水,2015-06-17,24.312297,120.562242,0.039608527
C0Z150,吉安光華,2015-06-17,23.930925,121.595153,0.088002816
C1D640,外坪(五指山),2015-06-17,24.644447,121.090961,7.4952716e-08
C0F9O0,潭子,2015-06-17,24.213106,120.703933,0.059486978
C2H9R0,卓社,2015-06-17,23.887894,121.000086,1.1543432e-08
72T250,花蓮農改場,2015-06-17,23.975222,121.563889,0.046487622
C0E780,銅鑼,2015-06-17,24.489681,120.790853,0.99787396
C1T950,太安,2015-06-17,23.666719,121.370128,3.8823788e-07
C0E830,苑裡,2015-06-17,24.439714,120.653053,0.0686029
467270,田中,2015-06-17,23.873803,120.581286,0.9743704
C0SA10,檳榔四格山,2015-06-17,22.810031,121.109308,0.1118961
C1T830,布洛灣,2015-06-17,24.17184,121.57127,0.99947923
C0F970,大坑,2015-06-17,24.173142,120.722289,0.2527913
C1U920,思源,2015-06-17,24.393125,121.347214,6.4847183e-10
C0A931,三和,2015-06-17,25.233153,121.595236,0.67498964
C0I010,廬山,2015-06-17,24.033311,121.181808,1.1630102e-09
C2M940,日野賀,2015-06-17,23.434056,120.727169,1.5529082e-09
C0R860,鼻頭,2015-06-17,22.1043,120.8979,0.99527764
C0UB20,壯圍,2015-06-17,24.7359,121.8163,0.004020034
C0R790,九棚,2015-06-17,22.14195,120.889281,0.8823774
C0W110,東莒,2015-06-17,25.9652,119.98069,0.001834102
C1U930,粉鳥林,2015-06-17,24.497088,121.842479,0.06973453
C1I211,蘆竹湳,2015-06-17,23.934019,120.811994,3.9315342e-08
C0S830,長濱,2015-06-17,23.286817,121.411975,0.022353543
C1F9F1,伯公龍,2015-06-17,24.272392,120.849047,0.29881585
C0E810,西湖,2015-06-17,24.562947,120.7485,0.9804858
C1I440,新高口,2015-06-17,23.478744,120.878939,1.0032126e-09
C0O840,王爺宮,2015-06-17,23.222064,120.40085,0.010503196
C0T9G0,鳳林山,2015-06-17,23.735269,121.420131,0.9963281
C0X080,佳里,2015-06-17,23.173039,120.145086,0.0491663
C0FB70,大甲溪埔,2015-06-17,24.370625,120.620067,0.07622884
C0Z310,清水斷崖,2015-06-17,24.218294,121.689142,0.96661216
C0M680,太保,2015-06-17,23.455062,120.331455,0.9950728
C1S820,金峰,2015-06-17,22.590969,120.933236,0.9984629
C0AD10,八里,2015-06-17,25.150211,121.403947,0.004902162
C2K240,草嶺,2015-06-17,23.59555,120.693461,1.4750362e-09
C1SA70,都蘭,2015-06-17,22.87794,121.226881,0.020692458
C0K440,二崙,2015-06-17,23.772797,120.408944,0.893007
C1A760,坪林交控,2015-06-17,24.94284,121.713442,0.05931676
C0F9N0,大里,2015-06-17,24.092464,120.701378,0.5136409
C0SA90,達仁林場,2015-06-17,22.264347,120.823972,0.7360331
C1R290,石門山,2015-06-17,22.112611,120.756597,0.9371776
42HA10,萬大發電廠,2015-06-17,23.978875,121.139639,1.3836387e-07
C0R890,山海,2015-06-17,21.9878,120.7091,0.9868434
C0T9A0,月眉山,2015-06-17,23.809928,121.539828,0.52871025
C0AC70,信義,2015-06-17,25.037822,121.564597,0.0022694094
C0K560,棋山,2015-06-17,23.68645,120.603417,0.9871877
C2FB50,出雲,2015-06-17,24.206469,120.902794,6.788729e-08
C1Z240,中平林道,2015-06-17,23.42115,121.26763,6.3336207e-09
U2H480,溪頭,2015-06-17,23.670306,120.798194,3.1401037e-09
C0M880,好美里,2015-06-17,23.3364,120.138,0.0491663
C0T9E0,大坑,2015-06-17,23.880628,121.581981,0.52144885
C0K530,臺西,2015-06-17,23.701547,120.197559,0.004764179
C1E900,國一N128K,2015-06-17,24.560997,120.844186,0.9850841
C0AJ50,水湳洞,2015-06-17,25.123695,121.862238,0.5716506
C0AI20,白沙灣,2015-06-17,25.283128,121.519058,0.0011536325
C0A860,大坪,2015-06-17,25.165914,121.632969,0.00064634683
C1U850,觀音海岸,2015-06-17,24.38319,121.77856,0.6402699
C2K610,草嶺石壁,2015-06-17,23.602469,120.707731,1.5176558e-09
C0U950,鶯子嶺,2015-06-17,24.89754,121.79244,3.2378928e-08
C0O900,善化,2015-06-17,23.112883,120.297219,0.98899096
C0K550,蔦松,2015-06-17,23.514319,120.229736,0.34231952
E2P980,林試六龜中心,2015-06-17,22.991703,120.645722,0.99438345
C0E590,通霄,2015-06-17,24.471892,120.704622,0.7599402
C1I310,西巒,2015-06-17,23.754486,120.883956,2.4475078e-09
C0A550,泰平,2015-06-17,24.971197,121.823711,0.9994718
C0I360,水里,2015-06-17,23.812553,120.849792,0.000116296775
C0R830,高士,2015-06-17,22.121825,120.836781,0.65794265
C1I101,溪頭,2015-06-17,23.661789,120.807647,1.5466092e-09
C0AJ20,野柳,2015-06-17,25.20703,121.690021,0.5716506
C0B060,暖暖,2015-06-17,25.0957,121.7403,0.9041268
C1H920,長豐,2015-06-17,24.102039,120.879897,5.2689984e-07
C0V360,內門,2015-06-17,22.975481,120.466769,0.53568876
C0R850,林邊,2015-06-17,22.4634,120.5339,0.055230893
C0E930,龍鳳,2015-06-17,24.700034,120.859125,0.9980536
C0U910,冬山,2015-06-17,24.63373,121.7937,0.004025354
C1E721,泰安,2015-06-17,24.489017,120.968036,3.1322333e-08
82H320,茶改中部分場,2015-06-17,23.875611,120.913583,3.4627885e-09
C0M750,布袋,2015-06-17,23.380878,120.167789,0.29691967
C1S860,利嘉,2015-06-17,22.809417,121.050528,0.6518258
72C440,桃園農改,2015-06-17,24.950944,121.030583,0.9749625
E2S980,林試太麻里1,2015-06-17,22.598922,120.980044,0.99822444
C0X170,關廟,2015-06-17,22.963017,120.327797,0.98724395
C0V720,林園,2015-06-17,22.507747,120.394511,0.7345958
C1I510,線浸林道,2015-06-17,23.761508,120.832956,1.8677528e-09
C0D690,外湖,2015-06-17,24.917735,120.968711,0.9664986
C0C750,新興坑尾,2015-06-17,25.0061,121.0971,0.97273016
B2Q810,畜試南區分所,2015-06-17,21.945583,120.802167,0.9898486
C0S790,金崙,2015-06-17,22.538122,120.966875,0.9982888
C0AH90,福山植物園,2015-06-17,24.760717,121.58135,9.8507506e-08
C0I540,奇萊稜線,2015-06-17,24.109231,121.326456,2.3541136e-09
C0M850,表湖,2015-06-17,23.24186,120.64166,1.5785128e-07
C0S770,大溪山,2015-06-17,22.478475,120.943325,0.9345834
C0AG80,中和,2015-06-17,24.991622,121.491792,0.0022694094
C0T790,大禹嶺,2015-06-17,24.186117,121.316086,1.1425579e-09
C0T9B0,水源,2015-06-17,23.991861,121.537169,0.1858388
C0R840,牡丹池山,2015-06-17,22.168389,120.841225,0.7383087
C1I131,桶頭,2015-06-17,23.641944,120.654117,0.03214239
CAL110,布袋國中,2015-06-17,23.35893,120.18026,0.6884937
467571,新竹,2015-06-17,24.827853,121.014219,0.9948551
C0Z290,赤柯山,2015-06-17,23.36893,121.38293,4.522407e-08
C0X280,將軍,2015-06-17,23.214999,120.13577,0.0491663
C0S690,太麻里,2015-06-17,22.60902,120.98533,0.0027413706
C0U880,北關,2015-06-17,24.9072,121.8734,0.005285131
C1H860,瑞岩,2015-06-17,24.123772,121.18345,8.065053e-10
C0G810,埔心,2015-06-17,23.947633,120.525456,0.1672988
C0U970,大福,2015-06-17,24.80064,121.81389,0.020411557
C2H9N0,仁愛東眼,2015-06-17,24.026875,121.1205,3.3821944e-08
C1E670,南礦,2015-06-17,24.538278,121.002836,1.5456258e-06
C0M520,東後寮,2015-06-17,23.369908,120.248065,0.6545097
C1E461,松安,2015-06-17,24.397972,120.986022,1.2648084e-07
72G600,臺中農改,2015-06-17,24.003028,120.534389,0.03178709
C2N160,西拉雅風管處,2015-06-17,23.189481,120.335297,0.95645595
C2M970,碧湖,2015-06-17,23.568632,120.624165,2.7432283e-09
C0A640,石碇,2015-06-17,24.993969,121.662917,0.97651094
E2S960,林試太麻里2,2015-06-17,22.598,120.99775,0.99676657
C0F9Y0,桃山,2015-06-17,24.432739,121.303808,3.316174e-09
C1I020,萬大,2015-06-17,23.979817,121.132261,4.8786415e-09
C0U940,羅東,2015-06-17,24.68184,121.74934,0.003961926
C0M650,朴子,2015-06-17,23.43463,120.23902,0.2648172
C1I500,大尖山,2015-06-17,23.858572,120.994889,7.564561e-10
C0G820,田尾,2015-06-17,23.901669,120.509389,0.14395742
E2K600,四湖植物園,2015-06-17,23.676986,120.163433,0.0047805966
C0S730,綠島,2015-06-17,22.6672,121.47533,0.039131597
12Q970,東港工作站,2015-06-17,22.479997,120.466058,0.05615171
C0E430,南庄,2015-06-17,24.601775,121.000214,0.99913067
C1TA00,太魯閣,2015-06-17,24.15773,121.6236,0.9643257
466920,臺北,2015-06-17,25.037658,121.514853,0.0022694094
C0R600,舊泰武,2015-06-17,22.588194,120.664944,0.8485409
C1I260,北坑,2015-06-17,23.9246,121.006903,2.44621e-07
466910,鞍部,2015-06-17,25.182586,121.529731,3.195795e-09
C1I230,九份二山,2015-06-17,23.961944,120.845,3.55234e-08
C2A660,瑞芳,2015-06-17,25.113169,121.801147,0.98817754
C0R270,琉球嶼,2015-06-17,22.332244,120.362236,0.14433163
C1T990,高寮,2015-06-17,23.394239,121.356808,0.9041493
C0G620,芬園,2015-06-17,24.015678,120.6213,0.5817459
C1Z140,荖溪,2015-06-17,23.890575,121.45964,2.221552e-08
C1I201,中心崙,2015-06-17,23.728722,120.712097,1.9330086e-07
C1I400,凌霄,2015-06-17,24.018778,121.004456,6.4565484e-08
C1M640,十字,2015-06-17,23.492153,120.753683,1.3428463e-09
G2P820,農試鳳山分所,2015-06-17,22.646611,120.356083,0.72064304
C0Z270,蕃薯寮,2015-06-17,23.73835,121.540108,0.9623331
C0F9Q0,外埔,2015-06-17,24.347817,120.705686,0.9322658
C0K580,高鐵雲林,2015-06-17,23.737456,120.417944,0.99409765
C2I090,鳳凰,2015-06-17,23.728081,120.787347,2.6227545e-09
C0U990,員山,2015-06-17,24.74435,121.72247,0.003961926
C0V770,大社,2015-06-17,22.730306,120.346639,0.31506577
C0X120,麻豆,2015-06-17,23.183289,120.248611,0.047842696
C0C670,龍潭,2015-06-17,24.870056,121.221389,0.0010462138
C0D680,香山濕地,2015-06-17,24.783581,120.914988,0.99549717
C0S980,勝林山,2015-06-17,22.430439,120.8938,0.6202581
C0V730,大寮,2015-06-17,22.605614,120.395717,0.6868843
C0R570,麟洛,2015-06-17,22.65078,120.52719,0.8001222
C2M930,石卓,2015-06-17,23.478744,120.702264,1.3773732e-09
C0G9B0,和美,2015-06-17,24.105169,120.492131,0.011796283
CAG100,王功漁港,2015-06-17,23.96824,120.32586,0.0072316513
C0X290,北門,2015-06-17,23.267772,120.125481,0.0491663
C2F930,大甲,2015-06-17,24.347667,120.640403,0.12698965
C0D650,湖口,2015-06-17,24.904794,121.043628,0.9829924
C0E420,竹南,2015-06-17,24.708978,120.888897,0.9967811
C0U780,五結,2015-06-17,24.68637,121.79794,0.004025354
C1I250,鯉潭,2015-06-17,23.961922,120.991131,5.2689984e-07
C0R130,阿禮,2015-06-17,22.742908,120.743678,3.5987625e-06
C0X100,臺南市北區,2015-06-17,23.010394,120.194228,0.08708134
C0S920,金峰嘉蘭,2015-06-17,22.594789,120.960825,0.99826926
C0V490,新興,2015-06-17,22.627422,120.298803,0.7345958
C0F9K0,大安,2015-06-17,24.345061,120.588025,0.045909397
72N100,臺南農改,2015-06-17,23.0605,120.342194,0.9901974
467290,古坑,2015-06-17,23.633639,120.551889,0.5902778
C2E970,八甲,2015-06-17,24.535811,120.795983,0.997846
C0V440,鳳山,2015-06-17,22.646653,120.356122,0.72064304
C1T940,大觀,2015-06-17,23.714206,121.373133,0.9986573
72T250,花蓮農改,2015-06-17,23.975222,121.563889,0.046487622
C0E740,造橋,2015-06-17,24.637056,120.864778,0.9981532
C0R100,尾寮山,2015-06-17,22.833111,120.683889,6.943677e-05
A2K630,臺大雲林校區,2015-06-17,23.730628,120.423903,0.99409765
C0D580,寶山,2015-06-17,24.735006,121.025192,0.9946333
E2P990,林試扇平站,2015-06-17,22.9677,120.6857,0.9973413
C0AI30,三重,2015-06-17,25.057328,121.500629,0.0016046447
C0AH00,汐止,2015-06-17,25.066881,121.658778,0.57165074
C1Z040,立山,2015-06-17,23.443356,121.327375,0.9990653
C0W130,花嶼,2015-06-17,23.40007,119.32276,0.9996686
C0A950,鼻頭角,2015-06-17,25.129036,121.923372,0.90354323
C0K470,林內,2015-06-17,23.748675,120.609642,0.941046
C2F990,摩天嶺,2015-06-17,24.322458,120.936819,2.3276604e-08
82C160,茶改場,2015-06-17,24.908472,121.185333,0.052719295
C0Z320,清水林道,2015-06-17,23.27125,121.188272,5.8974416e-07
C0R760,南仁湖,2015-06-17,22.084681,120.863353,0.9166479
C0M670,大林,2015-06-17,23.600616,120.45841,0.001217912
C0M800,茶山,2015-06-17,23.299075,120.664767,0.00178091
C0A9C0,天母,2015-06-17,25.117494,121.537169,0.0012591034
72K220,南改斗南分場,2015-06-17,23.634556,120.477333,0.9845133
72AI40,桃改樹林分場,2015-06-17,24.944503,121.386972,0.0010961952
C0S910,蘭嶼燈塔,2015-06-17,22.081197,121.503117,0.8916105
C0B050,八斗子,2015-06-17,25.144754,121.79167,0.40318888
C0U900,內城,2015-06-17,24.71813,121.68766,0.028680833
C0X320,柳營,2015-06-17,23.253328,120.375253,0.66533965
C0M790,新港,2015-06-17,23.553269,120.345728,0.989426
C0F9T0,西屯,2015-06-17,24.179494,120.641275,0.33363682
C0SA30,都歷,2015-06-17,23.020333,121.323642,0.042305745
C0C620,蘆竹,2015-06-17,25.084275,121.265767,0.004128281
C0R730,大坪頂,2015-06-17,22.024633,120.69355,0.9949356
C0AJ40,石門,2015-06-17,25.273672,121.601198,0.00021803471
C0E750,苗栗,2015-06-17,24.564569,120.824575,0.98386943
C0T870,鯉魚潭,2015-06-17,23.935639,121.508944,0.9232574
C1V170,排雲,2015-06-17,23.463619,120.954147,4.9711266e-09
C2H950,中寮,2015-06-17,23.884447,120.766406,0.00010461947
C0R350,貓鼻頭,2015-06-17,21.921774,120.7358,0.99192494
C0V660,岡山,2015-06-17,22.797078,120.294958,0.8710804
C1H941,雙冬,2015-06-17,23.967378,120.802189,1.9592872e-07
C0AJ70,田寮,2015-06-17,25.2698,121.4886,0.0012440871
C0AI00,五股,2015-06-17,25.07445,121.42728,3.9242503e-05
C0Z280,德武,2015-06-17,23.47426,121.41071,0.9904018
C0R700,枋山,2015-06-17,22.246844,120.661086,0.023934156
C0C460,復興,2015-06-17,24.820208,121.352281,0.002445823
E2H360,蓮華池,2015-06-17,23.918333,120.885278,6.5755184e-09
C0M640,中埔,2015-06-17,23.42538,120.5229,0.28897065
C0W140,金沙,2015-06-17,24.488292,118.408778,0.009819326
C2A540,四堵,2015-06-17,24.8926,121.745736,0.52678484
C0ACA0,新莊,2015-06-17,25.051478,121.446756,0.001186701
C0R220,潮州,2015-06-17,22.534361,120.54,0.227634
U2HA40,臺大內茅埔,2015-06-17,23.689722,120.851117,1.708903e-07
467490,臺中,2015-06-17,24.145736,120.684075,0.010887396
C0U960,翠峰湖,2015-06-17,24.510856,121.608044,1.0601576e-09
E2HA20,林試畢祿溪站,2015-06-17,24.226944,121.308522,6.04267e-10
C0V890,前鎮,2015-06-17,22.5718,120.3117,0.7509248
467620,蘭嶼,2015-06-17,22.036969,121.558339,0.17657332
C1F941,雪嶺,2015-06-17,24.280586,121.026642,1.4452958e-09
C2H9E0,國姓南港,2015-06-17,23.911108,120.846556,1.1984689e-09
C0AC80,文山,2015-06-17,25.00235,121.575728,0.0012670604
C0F9R0,龍井,2015-06-17,24.184536,120.528972,0.047658775
C0M760,民雄,2015-06-17,23.551754,120.428457,0.0033096438
C0UA40,西德山,2015-06-17,24.560647,121.752608,3.3480904e-07
C1T920,中興,2015-06-17,23.769503,121.498653,0.2822958
C0D550,雪霸,2015-06-17,24.526972,121.11605,1.7151335e-09
C2F860,梨山,2015-06-17,24.247522,121.243669,6.1244265e-10
C0R320,車城,2015-06-17,22.0744,120.716247,0.9868434
C1S870,南美山,2015-06-17,23.15025,121.382333,0.047709532
C0B020,基隆嶼,2015-06-17,25.19141,121.78391,0.57050866
C1U501,牛鬥,2015-06-17,24.637836,121.573656,0.5572083
C0M730,嘉義市東區,2015-06-17,23.457673,120.460531,0.00011497031
C0S700,知本,2015-06-17,22.684866,121.005642,0.015186546
C1N001,沙崙,2015-06-17,22.935472,120.309406,0.94221145
C0V760,橋頭,2015-06-17,22.757806,120.30575,0.8908427
C0G960,福寶,2015-06-17,24.0443,120.3814,0.013343404
C0X210,白河,2015-06-17,23.347466,120.414427,0.60990995
C0S810,東河,2015-06-17,22.972672,121.303986,0.019917607
C2R170,屏東,2015-06-17,22.66027,120.49403,0.81709254
C0R670,楓港,2015-06-17,22.190131,120.692156,0.023934156
C0FA50,霧峰,2015-06-17,24.0419,120.6995,0.17330147
C0UB10,蘇澳,2015-06-17,24.5969,121.8571,0.028272465
C0G950,防潮門,2015-06-17,24.1835,120.4871,0.040742006
C0M740,六腳,2015-06-17,23.492871,120.290625,0.9949084
C1R250,力里,2015-06-17,22.428117,120.629228,0.17409746
C0K330,虎尾,2015-06-17,23.719183,120.442036,0.994187
C2FA00,烏石坑,2015-06-17,24.273503,120.947617,2.6635194e-08
C0V620,永安,2015-06-17,22.82315,120.236856,0.23804924
C1I330,楓樹林,2015-06-17,23.986803,121.076117,1.8705347e-08
C0W200,湖西,2015-06-17,23.596314,119.67275,0.995799
72Q010,高雄農改場,2015-06-17,22.709333,120.525889,0.7760101
C0SA40,瑞和,2015-06-17,22.974361,121.156697,0.04706288
C0C680,龜山,2015-06-17,25.02846,121.38656,0.9393205
C2V260,月眉,2015-06-17,22.971003,120.539853,0.9926721
C0V450,鳳森,2015-06-17,22.545064,120.392592,0.8517505
C0U720,南山,2015-06-17,24.43742,121.38167,3.3536587e-06
A2N290,臺南蘭花園區,2015-06-17,23.340258,120.379661,0.66533965
C0R560,新園,2015-06-17,22.5434,120.461558,0.055230893
C0U890,三星,2015-06-17,24.66812,121.65302,0.06952744
C1V300,御油山,2015-06-17,23.001983,120.715364,1.4343056e-09
C0U600,礁溪,2015-06-17,24.817539,121.765608,0.023067275
C1T980,龍澗,2015-06-17,24.023289,121.411328,7.4205175e-09
C0D670,海天一線,2015-06-17,24.831986,120.914438,0.9950606
C0SA00,歷坵,2015-06-17,22.520969,120.89185,0.13828057
C0M710,東石,2015-06-17,23.458927,120.15385,0.34231952
C0M780,鹿草,2015-06-17,23.41134,120.30835,0.9836947
C0U520,雙連埤,2015-06-17,24.753033,121.641303,0.05212352
C0B010,七堵,2015-06-17,25.094819,121.71713,0.7205384
C0R480,長治,2015-06-17,22.693128,120.542622,0.9867574
C1V830,國三S383K,2015-06-17,22.781967,120.426475,0.987315
12Q980,恆春工作站,2015-06-17,22.079678,120.714425,0.9868434
C1O940,東山服務區,2015-06-17,23.286016,120.398472,0.5391631
C1U840,東澳嶺,2015-06-17,24.5378,121.8485,0.93218595
C1D630,飛鳳山,2015-06-17,24.766464,121.119178,4.0840382e-07
C0S940,石寧山,2015-06-17,23.223772,121.406639,0.65457314
C0K410,北港,2015-06-17,23.573957,120.292802,0.9900731
C2M620,瑞里,2015-06-17,23.545133,120.675197,1.0529753e-09
C0SB70,小港漁港,2015-06-17,23.158558,121.400431,0.7263061
C2O950,安南,2015-06-17,23.076694,120.144861,0.015476597
C0F0E0,南湖圈谷,2015-06-17,24.363714,121.444667,5.9805494e-09
467610,成功,2015-06-17,23.097486,121.373428,0.052009545
C0G890,伸港,2015-06-17,24.148933,120.484403,0.061659057
C2E540,龍溪,2015-06-17,24.606489,120.783933,0.97402626
C1V200,梅山,2015-06-17,23.268447,120.823556,1.2031504e-07
C0T9H0,加路蘭山,2015-06-17,23.682947,121.5274,0.98477477
C2O930,玉井,2015-06-17,23.126042,120.46055,0.51578176
C1F911,新伯公,2015-06-17,24.221361,120.841069,0.008349305
C0R490,九如,2015-06-17,22.7405,120.490503,0.8001222
C0X200,左鎮,2015-06-17,23.056758,120.408522,0.85280186
C0SB50,叭嗡嗡,2015-06-17,23.047062,121.343223,0.019174304
C1F891,稍來,2015-06-17,24.265689,121.001142,9.520535e-10
72N240,七股研究中心,2015-06-17,23.081672,120.062894,0.010269795
C0C700,中壢,2015-06-17,24.977661,121.256375,0.00060271047
C0M690,水上,2015-06-17,23.419734,120.388909,0.0011684073
C0V690,鼓山,2015-06-17,22.623325,120.275575,0.7345958
C0O860,大內,2015-06-17,23.11885,120.36083,0.9783487
C0Z200,萬榮,2015-06-17,23.709219,121.420106,0.9232574
C0T9D0,和中,2015-06-17,24.26676,121.74103,0.88430417
C1O921,楠西,2015-06-17,23.183511,120.484083,0.14174983
C0AJ30,淡水觀海,2015-06-17,25.184591,121.408616,0.0058807596
C0V810,左營,2015-06-17,22.67491,120.28491,0.3029787
C0UA70,桃源谷,2015-06-17,24.962606,121.888875,0.99983346
C0X130,官田,2015-06-17,23.193217,120.315422,0.9654956
C1H000,翠峰,2015-06-17,24.109397,121.205211,5.739764e-10
C0UA90,石城,2015-06-17,24.980444,121.951214,0.83167386
C1E681,南勢山,2015-06-17,24.421669,120.923831,2.3507903e-07
C0A9F0,內湖,2015-06-17,25.079422,121.57545,0.0022694094
C0K291,宜梧,2015-06-17,23.536281,120.169329,0.34263787
C1K540,口湖,2015-06-17,23.585344,120.180517,0.060528237
C0R780,滿州,2015-06-17,22.024403,120.839892,0.9929862
C0V870,文安,2015-06-17,22.8025,120.2164,0.21767832
C0U650,玉蘭,2015-06-17,24.675286,121.587061,0.9941636
C0R640,東港,2015-06-17,22.46247,120.44074,0.7509248
K2E360,苗栗農改,2015-06-17,24.495722,120.829111,0.9980461
C0AJ80,板橋,2015-06-17,25.0107,121.4489,0.0013720127
C0S660,下馬,2015-06-17,23.150427,121.070312,1.6675993e-06
C1H9B1,阿眉,2015-06-17,24.1263,120.994672,7.1495354e-10
C0UA20,多加屯,2015-06-17,24.368614,121.373189,9.008877e-10
C0E730,頭份,2015-06-17,24.688247,120.912206,0.9967811
72V140,高改旗南分場,2015-06-17,22.857861,120.516667,0.9921729
C0K480,莿桐,2015-06-17,23.761192,120.502372,0.97952086
C0U980,坪林石牌,2015-06-17,24.86478,121.77396,0.88237756
C0T900,西林,2015-06-17,23.8119,121.441458,0.9791496
C1I150,青雲,2015-06-17,23.793361,120.949378,9.551974e-08
467350,澎湖,2015-06-17,23.565503,119.563094,0.9997455
C0G800,埔鹽,2015-06-17,24.000394,120.431683,0.012916247
C0H960,草屯,2015-06-17,23.973672,120.68085,0.79085326
C1V780,多納林道,2015-06-17,22.888028,120.737917,9.162172e-09
C0E920,通霄漁港,2015-06-17,24.498589,120.673876,0.7216856
C0Z330,安通山,2015-06-17,23.290728,121.348528,0.00045179855
C0AH10,永和,2015-06-17,25.01125,121.508111,0.0028559081
C0AK10,太平里,2015-06-17,25.134937,121.364899,0.001186701
C2G640,鹿港,2015-06-17,24.0753,120.430481,0.012944181
C1E890,國三N149K,2015-06-17,24.463414,120.680019,0.78189075
C1R110,口社,2015-06-17,22.770111,120.645222,0.99116635
C1M870,國三N285K,2015-06-17,23.550319,120.505833,0.79919577
467050,新屋,2015-06-17,25.006744,121.047486,0.9704624
C1E480,鳳美,2015-06-17,24.554803,121.034747,0.9247185
C0M530,奮起湖,2015-06-17,23.493903,120.699253,8.441309e-10
C0C590,觀音,2015-06-17,25.027072,121.153317,0.95559376
C0T9M0,靜浦,2015-06-17,23.455167,121.495028,0.99574864
C2H9M0,發祥,2015-06-17,24.154094,121.164517,7.0695506e-08
C0AI40,石牌,2015-06-17,25.115597,121.513139,0.0013720127
C1F871,上谷關,2015-06-17,24.203483,121.018644,2.6635194e-08
C2H9G0,百勝,2015-06-17,24.051142,120.909361,0.00024047338
C0G880,二水,2015-06-17,23.810742,120.6173,0.9586487
C0R940,加祿堂,2015-06-17,22.3363,120.6217,0.1309094
C0W220,北竿,2015-06-17,26.220358,119.974881,0.0017981569
C0O960,崎頂,2015-06-17,22.959547,120.369317,0.9943534
C0S750,向陽,2015-06-17,23.248397,120.986133,8.6049917e-10
C0T9F0,水璉,2015-06-17,23.797131,121.542514,0.99790156
C1M600,頭凍,2015-06-17,23.406364,120.603339,5.566484e-09
467660,臺東,2015-06-17,22.752211,121.154586,0.065542154
C1D380,新埔,2015-06-17,24.84745,121.03834,0.99504673
C2G980,田頭村,2015-06-17,23.8263,120.444175,0.893007
C0V750,路竹,2015-06-17,22.854997,120.259439,0.9551234
C0N050,蚵寮,2015-06-17,23.301,120.1104,0.019049194
72M700,南改鹿草分場,2015-06-17,23.416869,120.283061,0.98390645
C1SA50,利嘉林道,2015-06-17,22.82325,121.009389,7.2442907e-07
467550,玉山,2015-06-17,23.487614,120.959522,6.226051e-09
C0A940,金山,2015-06-17,25.223628,121.643967,0.0010064284
C1V340,大津,2015-06-17,22.888322,120.645986,0.9953359
C0W180,七美,2015-06-17,23.219333,119.444892,0.9988572
C1F9C1,白冷,2015-06-17,24.182844,120.929889,2.3954583e-06
K2E710,苗改生物防治研究中心,2015-06-17,24.422861,120.871833,0.9910327
C0N040,蘆竹溝,2015-06-17,23.2344,120.0961,0.019049194
C2W230,畜試所澎湖,2015-06-17,23.628342,119.513206,0.99931455
C0R880,後壁湖,2015-06-17,21.9457,120.7457,0.9855428
C1I280,埔中,2015-06-17,23.820778,120.642594,0.0009319592
467790,墾丁雷達站,2015-06-17,21.948235,120.808028,0.99335283
C0W190,望安,2015-06-17,23.380564,119.494075,0.9996584
466881,新北,2015-06-17,24.9593,121.52,0.0017151323
C0Z170,卓溪,2015-06-17,23.3443,121.3029,0.98894435
C0F850,東勢,2015-06-17,24.246428,120.833047,0.03863177
466900,淡水,2015-06-17,25.164889,121.448906,0.00492691
C0I370,魚池,2015-06-17,23.895703,120.94135,9.248733e-09
C0C630,大溪,2015-06-17,24.882853,121.265547,0.004211071
C0A520,山佳,2015-06-17,24.974944,121.402008,0.0010961952
C0I110,竹山,2015-06-17,23.761225,120.688156,0.000790758
82H840,茶改南部分場,2015-06-17,23.762528,120.7405,3.565819e-07
C0G660,溪湖,2015-06-17,23.94835,120.479122,0.15629268
C1T800,洛韶,2015-06-17,24.204558,121.453956,1.0947253e-08
C1T810,慈恩,2015-06-17,24.192044,121.388386,5.1911747e-10
C1E451,象鼻,2015-06-17,24.368617,120.940228,2.3507903e-07
C0AC60,三峽,2015-06-17,24.939025,121.369728,0.001622041
C0I490,萬大林道,2015-06-17,23.928228,121.091411,1.6298165e-09
C1I290,豐丘,2015-06-17,23.668178,120.887417,1.8677528e-09
C1I320,奧萬大,2015-06-17,23.952956,121.178556,1.7249667e-08
C2M910,嘉義大學,2015-06-17,23.471325,120.485903,0.89189804
C0U770,南澳,2015-06-17,24.44935,121.81022,0.55270374
C0A980,社子,2015-06-17,25.109508,121.469681,0.0017500343
C0V800,六龜,2015-06-17,22.997889,120.633583,0.9947754
C1G9D0,國一S218K,2015-06-17,23.890641,120.493253,0.1672988
C0E570,白沙屯,2015-06-17,24.549447,120.696803,0.7216856
C2F9A0,中竹林,2015-06-17,24.103556,120.751061,0.00025158827
C0FA40,臺中電廠,2015-06-17,24.2146,120.4907,0.047658775
C2G9A0,畜試所彰化,2015-06-17,23.86045,120.557964,0.9743704
C0H9C0,合歡山,2015-06-17,24.143442,121.272547,2.926625e-09
C0X060,下營,2015-06-17,23.22695,120.256261,0.9729799
G2M350,農試溪口農場,2015-06-17,23.58565,120.408111,0.007135465
C0U860,頭城,2015-06-17,24.85323,121.8308,0.021121413
C0R580,南州,2015-06-17,22.48591,120.50274,0.05615171
C0D430,峨眉,2015-06-17,24.6905,121.017189,0.9965771
C0G780,秀水,2015-06-17,24.03405,120.503869,0.031857893
72N100,臺南農改場,2015-06-17,23.0605,120.342194,0.9901974
C0S900,蘭嶼高中,2015-06-17,22.04909,121.51214,0.9754705
467540,大武,2015-06-17,22.355675,120.903789,0.40141347
C1F9W0,德基,2015-06-17,24.254783,121.190261,6.1037153e-10
C1Z120,壽豐,2015-06-17,23.870853,121.508081,0.12030061
C0W160,烏坵,2015-06-17,24.9944,119.44956,0.8548829
C1I240,外大坪,2015-06-17,23.958697,120.917931,3.0701165e-07
C1I550,國六W023K,2015-06-17,23.979067,120.867742,0.0026474947
C0R870,興海,2015-06-17,21.9752,120.8439,0.9898486
C0R140,瑪家,2015-06-17,22.682903,120.686639,0.99806356
C0A530,坪林,2015-06-17,24.938183,121.70975,0.34055743
C0X260,後壁,2015-06-17,23.366358,120.362326,0.9663182
C0Z230,和平,2015-06-17,24.30717,121.77007,0.88430417
C0G770,福興,2015-06-17,24.041289,120.437669,0.012916247
C0H9A0,神木村,2015-06-17,23.532742,120.843667,1.6791454e-09
C0I460,南投,2015-06-17,23.911469,120.687331,0.037179723
C0I480,梅峰,2015-06-17,24.085272,121.173572,5.980307e-10
C1V570,吉東,2015-06-17,22.85422,120.5454,0.99176943
C2D740,屯原,2015-06-17,24.067969,121.209389,6.1151e-10
C2A560,福山,2015-06-17,24.776203,121.502811,0.10339402
C0AH30,五分山,2015-06-17,25.07125,121.780794,0.34908548
C0FA10,松柏,2015-06-17,24.429115,120.617482,0.057660118
72S200,東改班鳩分場,2015-06-17,22.829528,121.077694,0.40173292
72HA00,中改埔里分場,2015-06-17,23.903208,120.963364,1.8765595e-08
C2H9W0,大坪頂農水,2015-06-17,24.043122,120.932781,4.2292228e-07
C0C650,平鎮,2015-06-17,24.897503,121.214636,0.052719295
C0S930,延平,2015-06-17,22.902581,121.084058,0.026545558
C0UA60,樟樹山,2015-06-17,24.41393,121.78325,0.99982625
C1S670,摩天,2015-06-17,23.199503,121.027,1.5056758e-09
C0V630,茄萣,2015-06-17,22.906642,120.182608,0.16692281
466940,基隆,2015-06-17,25.133314,121.740475,0.50475985
C0X050,東河,2015-06-17,23.296598,120.385608,0.66533965
C0R770,保力,2015-06-17,22.071122,120.764111,0.99511135
G2L020,農試嘉義分所,2015-06-17,23.485028,120.473806,0.7839401
C0X240,關子嶺,2015-06-17,23.331169,120.508025,1.2815345e-05
C0I380,集集,2015-06-17,23.828206,120.801467,0.0002713584
466990,花蓮,2015-06-17,23.975128,121.613275,0.027904054
C1V220,小關山,2015-06-17,23.154217,120.813603,9.506363e-10
C1F9G1,慶福山,2015-06-17,24.180853,120.848378,1.17351036e-08
C0Z250,瑞穗林道,2015-06-17,23.49284,121.30688,5.4723395e-09
C0D590,新豐,2015-06-17,24.87068,120.97721,0.9992868
C0A870,五指山,2015-06-17,25.132153,121.608692,1.0465302e-05
C0UA50,西帽山,2015-06-17,24.555361,121.802628,0.9625707
C0X160,仁德,2015-06-17,22.968258,120.257689,0.98379606
C1H971,六分寮,2015-06-17,23.92507,120.6378,1.2767265e-06
C0W120,西嶼,2015-06-17,23.5626,119.468436,0.9997455
C0G650,員林,2015-06-17,23.946503,120.585597,0.7994603
C0AD50,鶯歌,2015-06-17,24.951533,121.346294,0.013652539
C2H9Q0,北東眼山,2015-06-17,24.120939,121.189303,6.141318e-10
C2H9T0,名間竹圍,2015-06-17,23.859914,120.637572,2.0810776e-05
C0S990,山豬窟,2015-06-17,22.318619,120.857372,0.93684745
72Q010,高雄農改,2015-06-17,22.709333,120.525889,0.7760101
C0X190,安平,2015-06-17,22.993161,120.152181,0.08708134
C0K400,斗六,2015-06-17,23.720583,120.541127,0.9884129
12J990,口湖工作站,2015-06-17,23.589978,120.180394,0.060153637
C0O830,北寮,2015-06-17,23.079561,120.495008,0.9850721
C1D410,白蘭,2015-06-17,24.579364,121.079947,1.9409003e-09
C0S970,加津林,2015-06-17,22.416211,120.926942,0.4502832
C0D700,關西,2015-06-17,24.7977,121.1732,0.6145141
C0M810,里佳,2015-06-17,23.389125,120.716647,8.438427e-10
C0U750,龜山島,2015-06-17,24.841667,121.953133,0.04366998
C0R810,內獅,2015-06-17,22.305064,120.642986,0.1309094
C1M390,龍美,2015-06-17,23.406728,120.654417,1.593897e-09
C2FB60,頭櫃山,2015-06-17,24.129842,120.858925,2.5071706e-08
C1H840,國三N238K,2015-06-17,23.841008,120.707711,0.00020368569
CAQ030,崎峰國小,2015-06-17,22.42565,120.49521,0.05615171
C2E520,大湖,2015-06-17,24.414939,120.870872,0.9850027
467530,阿里山,2015-06-17,23.508208,120.813242,1.3063263e-09
C1E691,南湖,2015-06-17,24.40135,120.837533,0.00024098383
C0FA30,梧棲,2015-06-17,24.256003,120.523381,0.047871105
C1V231,高中,2015-06-17,23.134911,120.716711,0.0021821866
C0F9V0,新社,2015-06-17,24.200172,120.815806,2.0947728e-05
C0H890,埔里,2015-06-17,23.972169,120.952425,6.5608656e-06
C0R690,墾丁,2015-06-17,21.966756,120.810269,0.9923388
C0F0D0,審馬陣,2015-06-17,24.381675,121.4203,3.10384e-09
C0R820,白鷺,2015-06-17,22.454275,120.666219,0.9678172
U2H480,臺大溪頭,2015-06-17,23.670306,120.798194,3.1401037e-09
C1V190,南天池,2015-06-17,23.27403,120.91176,9.771902e-10
K2E360,苗栗農改場,2015-06-17,24.495722,120.829111,0.9980461
CAJ050,海口故事園區,2015-06-17,23.57543,120.14121,0.060528237
C2H9D0,三隻寮,2015-06-17,24.093078,120.861578,2.5244339e-07
C0O990,媽廟,2015-06-17,22.99175,120.293525,0.9854724
C0D480,打鐵坑,2015-06-17,24.849664,121.150789,2.5755138e-05
C0Z220,和平林道,2015-06-17,24.343922,121.656317,0.9998202
C0TA10,花蓮漁港,2015-06-17,23.995322,121.638331,0.024396395
72C440,桃園農改場,2015-06-17,24.950944,121.030583,0.9749625
C1E711,馬拉邦山,2015-06-17,24.367306,120.901656,0.00025882563
C0SB20,富岡,2015-06-17,22.792467,121.192669,0.06447679
C0D560,竹東,2015-06-17,24.767147,121.057881,0.63484377
C0F9U0,南屯,2015-06-17,24.137006,120.637969,0.5136409
C0M720,番路,2015-06-17,23.464657,120.554156,0.004961944
C0F0A0,雪山圈谷,2015-06-17,24.388594,121.236339,5.77754e-09
C1A9N0,四十份,2015-06-17,24.934158,121.593283,0.0035449534
C0U760,東澳,2015-06-17,24.52196,121.83318,0.07070809
C0X230,鹽水,2015-06-17,23.272621,120.247641,0.22152552
C2H9H0,苗改南投蜂場,2015-06-17,23.852589,120.693481,0.000790758
C0R950,萬隆國小,2015-06-17,22.507667,120.587817,0.98015255
C0V370,古亭坑,2015-06-17,22.893178,120.401947,0.83655906
C1I340,新興橋,2015-06-17,23.563333,120.868728,4.1305657e-09
C0SA80,土坂,2015-06-17,22.453108,120.887572,0.9985102
C0R160,鹽埔,2015-06-17,22.739558,120.530778,0.9867201
C0AC40,大屯山,2015-06-17,25.175675,121.522408,1.0249093e-09
466850,五分山雷達站,2015-06-17,25.071182,121.781205,0.20052394
C2H9L0,馬烈霸,2015-06-17,24.1512,121.201772,6.173238e-10
C1AI50,國三N016K,2015-06-17,25.034164,121.619664,0.0013369618
C1V600,藤枝,2015-06-17,23.071961,120.757042,2.1653754e-09
C1E601,南勢,2015-06-17,24.572486,120.734842,0.9909215
C0Z180,新城,2015-06-17,24.03946,121.60454,0.038798522
C0O980,新市,2015-06-17,23.061614,120.298197,0.98899096
C0K420,西螺,2015-06-17,23.800407,120.467394,0.98385406
C0Z050,佳心,2015-06-17,23.34567,121.21316,2.5223522e-07
C0AD30,蘆洲,2015-06-17,25.086594,121.472331,0.0015724023
C0V610,梓官,2015-06-17,22.760558,120.267211,0.8710804
K2F750,種苗改良場,2015-06-17,24.225972,120.800917,0.00031566585
C0UA80,大溪漁港,2015-06-17,24.941801,121.902955,0.023067275
C1AI60,國一39K邊坡,2015-06-17,25.064361,121.383836,0.040275812
C0W150,金寧,2015-06-17,24.457703,118.328989,0.008061759
C0R960,內埔,2015-06-17,22.608483,120.570714,0.978264
V2C250,八德合作社,2015-06-17,24.93775,121.266389,0.65361965
C2H9S0,龍南,2015-06-17,23.953536,120.833183,1.8952924e-09
C0AH40,平等,2015-06-17,25.129142,121.577086,0.7308798
C0R540,佳冬,2015-06-17,22.419456,120.552375,0.05615171
466950,彭佳嶼,2015-06-17,25.627975,122.079744,0.99993676
C0A890,雙溪,2015-06-17,25.036003,121.864242,0.824128
C0C480,桃園,2015-06-17,24.992425,121.323172,0.001061943
C0AH50,林口,2015-06-17,25.072181,121.38084,0.0046605333
A2K360,水試臺西試驗場,2015-06-17,23.717231,120.190522,0.005110652
B2N890,畜試所,2015-06-17,23.058972,120.336406,0.99019295
C2M960,外寮,2015-06-17,23.562643,120.665688,1.990292e-09
C0F9S0,烏日,2015-06-17,24.107058,120.624103,0.16866249
C0C490,八德,2015-06-17,24.928708,121.283289,0.034219984
C0R190,赤山,2015-06-17,22.592333,120.614306,0.9794473
C0T820,天祥,2015-06-17,24.179597,121.495639,0.9592354
C1F9E1,龍安,2015-06-17,24.1605,120.831961,6.6277903e-06
C0V820,小林,2015-06-17,23.148408,120.63325,0.0038531376
C2G870,芳苑,2015-06-17,23.922303,120.320025,0.0039762566
C0E850,大河,2015-06-17,24.618069,120.948578,0.998161
C1U670,寒溪,2015-06-17,24.634,121.71691,0.004993819
C0N020,城西,2015-06-17,23.0568,120.0956,0.010442578
C1Z110,三棧,2015-06-17,24.11557,121.60501,2.3703386e-05
C0R280,檳榔,2015-06-17,22.076078,120.836777,0.9935849
C2H9J0,中台,2015-06-17,23.9996,120.938739,4.8618676e-07
C0F9L0,后里,2015-06-17,24.310436,120.729725,0.5555641
C0D540,橫山,2015-06-17,24.71116,121.11693,0.97478104
C1D420,太閣南,2015-06-17,24.632808,121.160575,4.5174883e-10
C1E770,公館,2015-06-17,24.526914,120.830806,0.8023422
CAN130,水試所海水繁養殖中心,2015-06-17,23.120802,120.07968,0.010269795
C1I430,翠華,2015-06-17,24.191961,121.224339,6.3850225e-10
C1M400,菜瓜坪,2015-06-17,23.251928,120.576103,0.0034286084
C0G730,二林,2015-06-17,23.903325,120.376081,0.024289934
72M360,南改義竹分場,2015-06-17,23.360694,120.279361,0.9896555
V2K620,麥寮合作社,2015-06-17,23.753836,120.294783,0.007238892
C0Z070,舞鶴,2015-06-17,23.46811,121.37407,0.9970384
C0B040,大武崙,2015-06-17,25.166676,121.706993,0.7205384
C1Z030,紅葉,2015-06-17,23.493119,121.338806,0.9914245
C1I050,丹大,2015-06-17,23.753747,121.141147,9.938234e-10
C0I080,信義,2015-06-17,23.689694,120.851036,1.708903e-07
C2M920,朴子農改,2015-06-17,23.469889,120.259383,0.9949084
C2A880,福隆,2015-06-17,25.017842,121.942083,0.9162109
C0Z160,鳳林,2015-06-17,23.746114,121.453411,0.9868157
C0V210,復興,2015-06-17,23.222403,120.806089,0.004503792
C0H990,昆陽,2015-06-17,24.121322,121.273642,1.4113928e-09
C0R741,獅子,2015-06-17,22.202308,120.705236,0.02788842
C0S710,鹿野,2015-06-17,22.917711,121.122994,0.002172822
C0I530,小奇萊,2015-06-17,24.131764,121.295717,1.7366886e-09
C2K630,荷苞,2015-06-17,23.657717,120.595144,0.9684544
C0Z080,富源,2015-06-17,23.587642,121.378225,0.994541
467441,高雄,2015-06-17,22.7304,120.3125,0.3029787
C0SB10,美和,2015-06-17,22.682078,121.060236,0.4148775
C2K620,馬光農場,2015-06-17,23.721453,120.378864,0.9943227
C1I140,卡奈托灣,2015-06-17,23.754364,121.087872,8.218383e-10
C0I520,玉山風口,2015-06-17,23.470489,120.955994,6.617441e-09
C1G691,下水埔,2015-06-17,23.816114,120.5676,0.98156524
C0X110,臺南市南區,2015-06-17,22.961189,120.188378,0.084550224
C0V680,仁武,2015-06-17,22.701083,120.347722,0.31506577
C2G840,北斗,2015-06-17,23.877586,120.514222,0.14395742
C0R900,竹坑,2015-06-17,22.1385,120.7022,0.025582395
C0K250,崙背,2015-06-17,23.75555,120.318925,0.007763188
C0G860,社頭,2015-06-17,23.897647,120.5862,0.74138
C0X150,安定,2015-06-17,23.102614,120.227839,0.046499044
C0R590,里港,2015-06-17,22.77919,120.49459,0.9912937
C0E610,馬都安,2015-06-17,24.451272,120.930192,0.0012380878
C0E550,明德,2015-06-17,24.583486,120.885411,0.99821556
C0R150,三地門,2015-06-17,22.709889,120.639944,0.98882943
C0G910,花壇,2015-06-17,24.032076,120.549461,0.03265612
C1D400,鳥嘴山,2015-06-17,24.71909,121.28387,9.4127345e-06
C0K500,元長,2015-06-17,23.64981,120.315024,0.5886172
C0F0B0,石岡,2015-06-17,24.276061,120.777644,0.98627657
C2V250,甲仙,2015-06-17,23.080106,120.591758,0.23448847
C0SA20,金崙山,2015-06-17,22.567419,120.959667,0.05902991
C0V350,溪埔,2015-06-17,22.738578,120.446797,0.9696898
C0M660,溪口,2015-06-17,23.604131,120.403569,0.007135465
C1S880,壽卡,2015-06-17,22.238911,120.858903,0.7572611
72D680,桃改新埔分場,2015-06-17,24.834444,121.066111,0.92372125
