站號,站名,日期,lat,lon,BLBTSLS
C0R710,龍磐,2017-12-23,21.931672,120.838942,0.7532508
C1F9D1,白毛台,2017-12-23,24.158325,120.886933,3.5471315e-09
C0G940,竹塘,2017-12-23,23.848253,120.386764,4.2231028e-09
467590,恆春,2017-12-23,22.003897,120.746339,0.17488164
C1O850,環湖,2017-12-23,23.148617,120.418633,3.0571885e-09
C0U710,太平山,2017-12-23,24.505486,121.525656,5.271018e-08
C0E820,獅潭,2017-12-23,24.539133,120.920042,9.7957935e-09
C0V880,興達,2017-12-23,22.8778,120.2127,7.996485e-08
C0S890,關山,2017-12-23,23.0395,121.175017,0.0002579243
C0SB30,新蘭,2017-12-23,22.869214,121.223228,0.99633294
C2R970,屏科大,2017-12-23,22.648275,120.619247,1.3690912e-09
K2F750,種苗繁殖,2017-12-23,24.225972,120.800917,1.5341197e-09
C1Z130,銅門,2017-12-23,23.965694,121.492842,1.7424927e-08
C0AD40,土城,2017-12-23,24.973208,121.445169,1.7723856e-05
CAN140,六官養殖協會,2017-12-23,23.22881,120.29962,1.0771657e-07
C0X180,山上,2017-12-23,23.0757,120.363253,1.8257127e-08
C0F9Z0,雪山東峰,2017-12-23,24.388792,121.268675,3.0728344e-08
C1M480,獨立山,2017-12-23,23.537022,120.607797,2.8898102e-09
C0X220,學甲,2017-12-23,23.230367,120.182187,3.0483315e-07
467650,日月潭,2017-12-23,23.881325,120.90805,8.181211e-09
C0K600,箔子寮,2017-12-23,23.6197,120.14,0.000561502
C0G830,埤頭,2017-12-23,23.866003,120.452806,8.2908225e-10
C0S950,七塊厝,2017-12-23,22.954453,121.229922,8.4973915e-05
467110,金門,2017-12-23,24.407306,118.289281,0.9999777
C0AH80,深坑,2017-12-23,25.002703,121.628328,1.086485e-05
467990,馬祖,2017-12-23,26.169269,119.923419,0.06786062
C0A970,三貂角,2017-12-23,25.007606,122.002058,3.0609863e-07
C2D730,寶山農場,2017-12-23,24.732444,120.976153,2.2445574e-06
C0K430,褒忠,2017-12-23,23.690938,120.303634,4.0249963e-09
467480,嘉義,2017-12-23,23.495925,120.432906,5.0686224e-09
C2E540,後龍,2017-12-23,24.606489,120.783933,0.6904211
C0V400,阿公店,2017-12-23,22.804194,120.355528,1.4734539e-08
C0R440,大漢山,2017-12-23,22.405264,120.753181,8.675849e-08
C0K280,四湖,2017-12-23,23.630414,120.227125,0.00034849063
C1F9B1,桐林,2017-12-23,24.066172,120.735194,5.9764643e-10
C2H9U0,鳳鵬,2017-12-23,23.763919,120.788061,1.1088847e-09
C0K390,土庫,2017-12-23,23.679029,120.395574,1.5241131e-09
C1I450,望鄉山,2017-12-23,23.594153,120.944286,1.9023265e-08
C0E910,海埔,2017-12-23,24.648767,120.772435,0.80968624
B2E890,畜試北區分所,2017-12-23,24.527806,120.770972,6.7590102e-09
C0R750,四林格山,2017-12-23,22.076989,120.802439,0.999961
C0F0C0,中坑,2017-12-23,24.248517,120.903319,5.477979e-09
C1I121,大鞍,2017-12-23,23.678381,120.760017,1.494099e-08
72U480,花改蘭陽分場,2017-12-23,24.686306,121.716583,2.14839e-08
C0A770,科教館,2017-12-23,25.096356,121.516507,2.1555277e-06
C0AJ60,六塊厝,2017-12-23,25.24,121.4481,0.8540561
C0R620,墾雷,2017-12-23,21.900836,120.855269,0.95460135
467420,永康,2017-12-23,23.038386,120.2367,3.7156624e-08
467300,東吉島,2017-12-23,23.25695,119.667467,0.9958919
C0I410,名間,2017-12-23,23.837053,120.701447,6.348967e-10
A2C560,農工中心,2017-12-23,24.985917,121.239833,0.0008529661
C0V740,旗山,2017-12-23,22.888614,120.483597,1.7831334e-09
C0Z061,玉里,2017-12-23,23.3215,121.339656,4.4129695e-09
C0S840,南田,2017-12-23,22.279725,120.889208,0.11710422
C1I470,杉林溪,2017-12-23,23.639517,120.786444,1.6498754e-08
C1X040,東原,2017-12-23,23.291597,120.463822,7.2625395e-10
C0R660,枋寮,2017-12-23,22.367722,120.590647,0.057703074
C1R120,上德文,2017-12-23,22.763272,120.704442,5.024585e-09
C0K450,大埤,2017-12-23,23.646074,120.431537,5.5788646e-10
C0UA00,土場,2017-12-23,24.576533,121.495333,1.3905385e-07
467080,宜蘭,2017-12-23,24.763975,121.756528,2.413492e-08
C0N030,四草,2017-12-23,23.0235,120.1116,2.788464e-07
C0V650,彌陀,2017-12-23,22.783806,120.246361,1.6780615e-06
C0D660,新竹市東區,2017-12-23,24.798681,120.986942,0.9974161
82S580,茶改東部分場,2017-12-23,22.907694,121.130139,0.95012623
C0SB40,興隆,2017-12-23,22.913661,121.257469,0.99479145
C0C710,大溪永福,2017-12-23,24.892936,121.324975,9.220296e-06
C0FA20,溫寮,2017-12-23,24.372177,120.583125,2.0885554e-06
C0V640,湖內,2017-12-23,22.887139,120.2445,6.7449115e-08
C0R910,下寮,2017-12-23,22.3929,120.5548,0.057703074
C0Z020,明里,2017-12-23,23.208717,121.262342,7.2449864e-09
C0M770,嘉義梅山,2017-12-23,23.585398,120.555587,8.431059e-10
G2F820,農業試驗所,2017-12-23,24.031261,120.688133,6.762798e-10
C0C660,楊梅,2017-12-23,24.912375,121.143047,0.00027308826
C1E511,新開,2017-12-23,24.347703,120.827019,1.5150672e-09
G2F820,農試所(霧峰),2017-12-23,24.031261,120.688133,6.762798e-10
C1I070,和社,2017-12-23,23.591131,120.888861,1.2417741e-08
C2F000,大肚,2017-12-23,24.15295,120.572117,1.0310168e-09
C1S850,豐南,2017-12-23,23.122139,121.262389,2.3764096e-08
C2A920,富貴角,2017-12-23,25.263783,121.565258,0.0023035037
CAH030,茶改場竹圍站,2017-12-23,23.860083,120.637528,1.0191683e-09
C0T960,光復,2017-12-23,23.660694,121.424964,1.8095987e-08
C0F9M0,豐原,2017-12-23,24.254322,120.720692,1.7736934e-09
C0R720,旭海,2017-12-23,22.205403,120.887614,0.9995462
C0V710,苓雅,2017-12-23,22.622742,120.330669,2.1926135e-07
C0C740,觀音工業區,2017-12-23,25.064764,121.114856,0.9999743
CAC040,拉拉山,2017-12-23,24.699317,121.427133,1.269984e-07
C0V790,萬山,2017-12-23,22.905944,120.688056,3.3028107e-09
U2HA30,臺大和社,2017-12-23,23.590856,120.888864,1.2417741e-08
C0AJ90,澳底,2017-12-23,25.0552,121.9253,1.1437747e-05
C0Z100,東華,2017-12-23,23.89525,121.549833,1.3348846e-08
C0G970,三豐,2017-12-23,23.882,120.2895,0.00017958293
V2K610,大庄合作社,2017-12-23,23.8068,120.367939,2.7773546e-09
C0V900,汕尾,2017-12-23,22.4782,120.4151,9.237234e-10
C1R630,龍泉,2017-12-23,22.66701,120.59091,1.3472331e-09
C1AC50,關渡,2017-12-23,25.133486,121.469331,5.097886e-07
C0F9I0,神岡,2017-12-23,24.272481,120.658314,2.1945137e-09
C0K460,斗南,2017-12-23,23.678734,120.478359,5.575312e-10
467410,臺南,2017-12-23,22.993239,120.204772,1.6055327e-07
C2O810,曾文,2017-12-23,23.219681,120.497328,7.1796813e-10
467280,後龍,2017-12-23,24.648563,120.831834,0.37034968
C1F9J1,清水林,2017-12-23,24.071242,120.820419,3.541061e-09
C2A650,火燒寮,2017-12-23,25.002719,121.742892,1.653491e-07
466930,竹子湖,2017-12-23,25.162078,121.544547,5.7312587e-08
C1I220,樟湖,2017-12-23,23.905333,120.846983,4.9958686e-09
C0I390,仁愛,2017-12-23,24.022122,121.132206,3.669634e-09
C0Z300,東里,2017-12-23,23.26853,121.30547,7.222345e-09
C1V590,新發,2017-12-23,23.057019,120.646064,1.0324558e-08
C0K510,水林,2017-12-23,23.572924,120.24597,2.6755409e-08
72S590,東改賓朗果園,2017-12-23,22.813889,121.071278,0.99959755
82A750,茶改北部分場,2017-12-23,24.955778,121.631222,5.137394e-07
C1A750,石碇服務區,2017-12-23,25.00872,121.646242,5.94653e-06
C0X300,鹿寮,2017-12-23,23.386047,120.477331,3.102301e-09
G2AI50,關渡,2017-12-23,25.11575,121.492,0.0029917278
C0K590,雲林東勢,2017-12-23,23.674192,120.255721,1.2638674e-08
C0A570,桶後,2017-12-23,24.848222,121.597992,5.6409725e-08
C1S800,華源,2017-12-23,22.657883,121.02325,9.4587854e-08
C0G720,溪州,2017-12-23,23.851589,120.499093,8.359674e-10
C1V160,達卡努瓦,2017-12-23,23.279811,120.705319,1.1009212e-08
C2M410,馬頭山,2017-12-23,23.324361,120.582017,7.77288e-10
C0V850,蚵仔寮,2017-12-23,22.7256,120.2527,4.849355e-07
C0S740,池上,2017-12-23,23.119628,121.209469,1.3344219e-07
C1V390,尖山,2017-12-23,22.813153,120.367789,1.1438515e-08
C0AH70,松山,2017-12-23,25.04871,121.55042,1.973362e-06
C0N010,鯤鯓國小,2017-12-23,23.1879,120.0889,3.0766995e-07
C0R550,新埤,2017-12-23,22.467947,120.582894,9.142546e-10
C0SA60,知本（水試所）,2017-12-23,22.702394,121.082761,3.3462837e-07
C0T9I0,豐濱,2017-12-23,23.583897,121.514806,7.700269e-09
C0UB00,淡江大學蘭陽校園,2017-12-23,24.823239,121.730383,5.258446e-08
C0W240,九宮,2017-12-23,24.423753,118.240186,0.99998116
C0T9N0,富里,2017-12-23,23.171639,121.249378,1.5860978e-08
U2HA50,臺大竹山,2017-12-23,23.756972,120.681556,8.4686436e-10
C0V840,鳳鼻頭,2017-12-23,22.5083,120.3591,1.519069e-07
C0X140,西港,2017-12-23,23.125608,120.203108,1.5380252e-07
72D080,桃改五峰分場,2017-12-23,24.612194,121.157167,1.3260156e-08
C2H9P0,伊拿谷,2017-12-23,23.963211,121.088264,3.8641255e-09
C2H9F0,柑林,2017-12-23,24.018658,120.847072,7.4681367e-10
C0TA20,加灣,2017-12-23,24.082025,121.608944,1.2839267e-06
C0V530,阿蓮,2017-12-23,22.883208,120.327508,5.0963205e-08
C1O880,關山,2017-12-23,23.173397,120.594092,1.0632802e-09
C0E791,卓蘭,2017-12-23,24.3126,120.8244,1.9825173e-09
C1I030,武界,2017-12-23,23.913225,121.052483,4.007867e-09
C0R520,崁頂,2017-12-23,22.514781,120.506914,1.3945186e-09
C0R341,牡丹,2017-12-23,22.130036,120.792639,0.9999832
C0R930,萬丹,2017-12-23,22.5885,120.4851,1.4646695e-08
C0S760,紅石,2017-12-23,23.069131,121.126219,2.029904e-08
C1M610,石磐龍,2017-12-23,23.496606,120.663506,1.4338111e-08
C0UA10,鴛鴦湖,2017-12-23,24.590269,121.412228,5.963602e-08
V2C260,八德蔬果,2017-12-23,24.978508,121.281819,1.3113795e-05
C0R800,丹路,2017-12-23,22.204481,120.750989,0.995713
C0G920,永靖,2017-12-23,23.924703,120.547533,1.015931e-09
C2M950,太和,2017-12-23,23.538372,120.702961,1.5691208e-08
C1A630,下盆,2017-12-23,24.771003,121.538622,4.1284963e-08
B2N890,畜產試驗所,2017-12-23,23.058972,120.336406,1.552225e-08
C0UA30,白嶺,2017-12-23,24.527819,121.519031,4.7206402e-08
C1V580,溪南(特生中心),2017-12-23,23.084972,120.788475,1.2260529e-08
C1T970,大農,2017-12-23,23.615233,121.413331,7.49291e-09
E2S960,林試太麻里2,2017-12-23,22.598014,120.989761,0.00066706113
C0R650,竹田,2017-12-23,22.58486,120.54344,1.1572305e-09
C1H900,清流,2017-12-23,24.080775,120.962997,5.6955884e-09
C1C510,水尾,2017-12-23,24.940081,121.087161,0.9994081
C0F9X0,大雅(中科園區),2017-12-23,24.21528,120.62445,1.5171406e-09
C0SB60,白守蓮,2017-12-23,23.126769,121.401914,0.00024740124
C0O970,虎頭埤,2017-12-23,23.021375,120.347878,1.5252015e-08
C0C730,中大臨海站,2017-12-23,24.966126,121.008581,0.9999711
C0X250,新營,2017-12-23,23.310689,120.316681,4.6766196e-08
C0V700,三民,2017-12-23,22.645017,120.311233,8.81228e-06
C0U870,大礁溪,2017-12-23,24.791042,121.675047,4.1861824e-08
C0E870,高鐵苗栗,2017-12-23,24.60725,120.826094,0.49186727
A2K570,古坑花卉中心,2017-12-23,23.63353,120.55239,7.592995e-10
C0M860,新美,2017-12-23,23.338017,120.683169,3.5515724e-09
C1E701,八卦,2017-12-23,24.491756,120.927619,9.037141e-09
C0I420,國姓,2017-12-23,24.037803,120.855072,7.7687595e-10
C2D720,關西工作站,2017-12-23,24.757275,121.184792,9.28719e-07
C0S960,香蘭,2017-12-23,22.587569,120.993375,0.0006689503
C0R260,春日,2017-12-23,22.370361,120.628306,0.00057103805
72G600,臺中農改場,2017-12-23,24.003028,120.534389,1.0654728e-09
C0Z210,瑞穗,2017-12-23,23.5239,121.39021,6.179237e-09
C0M820,達邦,2017-12-23,23.453994,120.749517,1.1161102e-08
C0V860,南寮,2017-12-23,22.7616,120.2339,4.814229e-07
C0G740,大城,2017-12-23,23.852487,120.320935,0.00011414872
C0R920,塭仔,2017-12-23,22.4169,120.5197,0.112173356
C0R470,高樹,2017-12-23,22.826389,120.600806,1.5739939e-09
C0R680,佳樂水,2017-12-23,21.993578,120.861633,0.9679731
C1O870,大棟山,2017-12-23,23.31157,120.52226,6.7547057e-09
C0D360,梅花,2017-12-23,24.678347,121.208558,3.2114453e-08
C0Z190,富世,2017-12-23,24.14743,121.6297,1.5578537e-07
C0AI10,屈尺,2017-12-23,24.92184,121.54475,1.2736418e-05
B2U990,畜試東區分所,2017-12-23,24.669039,121.832561,1.6210056e-07
C0SB80,長濱漁港,2017-12-23,23.313644,121.459994,4.321635e-09
C0R240,來義,2017-12-23,22.527306,120.625111,1.3794081e-09
C0V910,大樹,2017-12-23,22.684645,120.432803,5.142798e-09
C1R610,西大武山,2017-12-23,22.617719,120.7322,3.640537e-08
C0G900,線西,2017-12-23,24.143358,120.443536,1.8167077e-07
C0M700,竹崎,2017-12-23,23.526178,120.555508,1.3232483e-09
C2E880,三義,2017-12-23,24.405478,120.749819,3.049955e-09
C0C720,竹圍,2017-12-23,25.112692,121.239824,0.0029917278
C0F9P0,清水,2017-12-23,24.312297,120.562242,9.2628295e-07
C0Z150,吉安光華,2017-12-23,23.930925,121.595153,2.4433996e-08
C1D640,外坪(五指山),2017-12-23,24.644447,121.090961,1.10982885e-08
C0F9O0,潭子,2017-12-23,24.213106,120.703933,1.5378815e-09
C2H9R0,卓社,2017-12-23,23.887894,121.000086,4.0257793e-09
72T250,花蓮農改場,2017-12-23,23.975222,121.563889,2.012314e-08
C0E780,銅鑼,2017-12-23,24.489681,120.790853,5.9149903e-09
C1T950,太安,2017-12-23,23.666719,121.370128,3.4408203e-08
C0E830,苑裡,2017-12-23,24.439714,120.653053,0.0002247078
467270,田中,2017-12-23,23.873803,120.581286,6.4349903e-10
C0SA10,檳榔四格山,2017-12-23,22.810031,121.109308,0.99863994
C1T830,布洛灣,2017-12-23,24.17184,121.57127,6.3919614e-08
C0F970,大坑,2017-12-23,24.173142,120.722289,8.835438e-10
C1U920,思源,2017-12-23,24.393125,121.347214,3.829211e-08
C0A931,三和,2017-12-23,25.233153,121.595236,1.971684e-06
C0I010,廬山,2017-12-23,24.033311,121.181808,5.980777e-09
C2M940,日野賀,2017-12-23,23.434056,120.727169,1.2171058e-08
C0R860,鼻頭,2017-12-23,22.1043,120.8979,0.9986007
C0UB20,壯圍,2017-12-23,24.7359,121.8163,2.2035744e-08
C0R790,九棚,2017-12-23,22.14195,120.889281,0.9999664
C0W110,東莒,2017-12-23,25.9652,119.98069,0.4718153
C1U930,粉鳥林,2017-12-23,24.497088,121.842479,4.4112173e-07
C1I211,蘆竹湳,2017-12-23,23.934019,120.811994,3.1827165e-09
C0S830,長濱,2017-12-23,23.286817,121.411975,4.9821756e-09
C1F9F1,伯公龍,2017-12-23,24.272392,120.849047,1.9850526e-09
C0E810,西湖,2017-12-23,24.562947,120.7485,0.9997957
C1I440,新高口,2017-12-23,23.478744,120.878939,1.17013315e-08
C0O840,王爺宮,2017-12-23,23.222064,120.40085,2.8303886e-09
C0T9G0,鳳林山,2017-12-23,23.735269,121.420131,7.674858e-09
C0X080,佳里,2017-12-23,23.173039,120.145086,3.0766995e-07
C0FB70,大甲溪埔,2017-12-23,24.370625,120.620067,1.3627256e-06
C0Z310,清水斷崖,2017-12-23,24.218294,121.689142,3.204831e-08
C0M680,太保,2017-12-23,23.455062,120.331455,4.1755106e-09
C1S820,金峰,2017-12-23,22.590969,120.933236,1.36567305e-05
C0AD10,八里,2017-12-23,25.150211,121.403947,0.002999923
C2K240,草嶺,2017-12-23,23.59555,120.693461,1.6944284e-08
C1SA70,都蘭,2017-12-23,22.87794,121.226881,0.99479145
C0K440,二崙,2017-12-23,23.772797,120.408944,6.8852996e-10
C1A760,坪林交控,2017-12-23,24.94284,121.713442,1.4740321e-07
C0F9N0,大里,2017-12-23,24.092464,120.701378,5.698237e-10
C0SA90,達仁林場,2017-12-23,22.264347,120.823972,0.9999909
C1R290,石門山,2017-12-23,22.112611,120.756597,0.99998957
42HA10,萬大發電廠,2017-12-23,23.978875,121.139639,3.3779954e-09
C0R890,山海,2017-12-23,21.9878,120.7091,0.5783628
C0T9A0,月眉山,2017-12-23,23.809928,121.539828,8.343447e-09
C0AC70,信義,2017-12-23,25.037822,121.564597,1.973362e-06
C0K560,棋山,2017-12-23,23.68645,120.603417,7.649775e-10
C2FB50,出雲,2017-12-23,24.206469,120.902794,5.992287e-09
C1Z240,中平林道,2017-12-23,23.42115,121.26763,5.27317e-08
U2H480,溪頭,2017-12-23,23.670306,120.798194,1.5290873e-08
C0M880,好美里,2017-12-23,23.3364,120.138,2.1485647e-07
C0T9E0,大坑,2017-12-23,23.880628,121.581981,9.991323e-09
C0K530,臺西,2017-12-23,23.701547,120.197559,0.00032636916
C1E900,國一N128K,2017-12-23,24.560997,120.844186,6.6409235e-08
C0AJ50,水湳洞,2017-12-23,25.123695,121.862238,9.302335e-05
C0AI20,白沙灣,2017-12-23,25.283128,121.519058,0.70577794
C0A860,大坪,2017-12-23,25.165914,121.632969,7.7445186e-08
C1U850,觀音海岸,2017-12-23,24.38319,121.77856,1.6392388e-08
C2K610,草嶺石壁,2017-12-23,23.602469,120.707731,1.6716337e-08
C0U950,鶯子嶺,2017-12-23,24.89754,121.79244,7.026358e-08
C0O900,善化,2017-12-23,23.112883,120.297219,2.0268786e-08
C0K550,蔦松,2017-12-23,23.514319,120.229736,7.41953e-08
E2P980,林試六龜中心,2017-12-23,22.991703,120.645722,3.6073364e-09
C0E590,通霄,2017-12-23,24.471892,120.704622,0.99518687
C1I310,西巒,2017-12-23,23.754486,120.883956,7.3678983e-09
C0A550,泰平,2017-12-23,24.971197,121.823711,1.5751307e-07
C0I360,水里,2017-12-23,23.812553,120.849792,9.755012e-10
C0R830,高士,2017-12-23,22.121825,120.836781,0.99998856
C1I101,溪頭,2017-12-23,23.661789,120.807647,1.2999465e-08
C0AJ20,野柳,2017-12-23,25.20703,121.690021,1.7155084e-05
C0B060,暖暖,2017-12-23,25.0957,121.7403,1.6115429e-06
C1H920,長豐,2017-12-23,24.102039,120.879897,4.929375e-09
C0V360,內門,2017-12-23,22.975481,120.466769,3.6441405e-09
C0R850,林邊,2017-12-23,22.4634,120.5339,9.2255775e-10
C0E930,龍鳳,2017-12-23,24.700034,120.859125,0.9999167
C0U910,冬山,2017-12-23,24.63373,121.7937,1.621004e-07
C1E721,泰安,2017-12-23,24.489017,120.968036,1.01570485e-08
82H320,茶改中部分場,2017-12-23,23.875611,120.913583,7.468298e-09
C0M750,布袋,2017-12-23,23.380878,120.167789,1.2224668e-07
C1S860,利嘉,2017-12-23,22.809417,121.050528,6.5128716e-09
72C440,桃園農改,2017-12-23,24.950944,121.030583,0.9998711
E2S980,林試太麻里1,2017-12-23,22.598922,120.980044,0.00019230889
C0X170,關廟,2017-12-23,22.963017,120.327797,1.7974969e-08
C0V720,林園,2017-12-23,22.507747,120.394511,1.3377526e-07
C1I510,線浸林道,2017-12-23,23.761508,120.832956,9.377408e-09
C0D690,外湖,2017-12-23,24.917735,120.968711,0.9999364
C0C750,新興坑尾,2017-12-23,25.0061,121.0971,0.99994606
B2Q810,畜試南區分所,2017-12-23,21.945583,120.802167,0.9717697
C0S790,金崙,2017-12-23,22.538122,120.966875,0.16631924
C0AH90,福山植物園,2017-12-23,24.760717,121.58135,1.9393661e-07
C0I540,奇萊稜線,2017-12-23,24.109231,121.326456,4.8568527e-08
C0M850,表湖,2017-12-23,23.24186,120.64166,6.900462e-09
C0S770,大溪山,2017-12-23,22.478475,120.943325,0.99134743
C0AG80,中和,2017-12-23,24.991622,121.491792,1.7723856e-05
C0T790,大禹嶺,2017-12-23,24.186117,121.316086,2.581606e-08
C0T9B0,水源,2017-12-23,23.991861,121.537169,1.2740886e-08
C0R840,牡丹池山,2017-12-23,22.168389,120.841225,0.9999958
C1I131,桶頭,2017-12-23,23.641944,120.654117,9.069928e-10
CAL110,布袋國中,2017-12-23,23.35893,120.18026,1.2307851e-07
467571,新竹,2017-12-23,24.827853,121.014219,0.9997829
C0Z290,赤柯山,2017-12-23,23.36893,121.38293,1.9652864e-08
C0X280,將軍,2017-12-23,23.214999,120.13577,2.789887e-07
C0S690,太麻里,2017-12-23,22.60902,120.98533,1.195013e-07
C0U880,北關,2017-12-23,24.9072,121.8734,3.2162734e-07
C1H860,瑞岩,2017-12-23,24.123772,121.18345,1.2163005e-08
C0G810,埔心,2017-12-23,23.947633,120.525456,1.0152008e-09
C0U970,大福,2017-12-23,24.80064,121.81389,2.4500919e-08
C2H9N0,仁愛東眼,2017-12-23,24.026875,121.1205,5.2528097e-09
C1E670,南礦,2017-12-23,24.538278,121.002836,1.1811679e-08
C0M520,東後寮,2017-12-23,23.369908,120.248065,9.9998104e-08
C1E461,松安,2017-12-23,24.397972,120.986022,9.565827e-09
72G600,臺中農改,2017-12-23,24.003028,120.534389,1.0654748e-09
C2N160,西拉雅風管處,2017-12-23,23.189481,120.335297,3.7013884e-08
C2M970,碧湖,2017-12-23,23.568632,120.624165,1.6717324e-08
C0A640,石碇,2017-12-23,24.993969,121.662917,1.6099452e-06
E2S960,林試太麻里2,2017-12-23,22.598,120.99775,0.0008732845
C0F9Y0,桃山,2017-12-23,24.432739,121.303808,3.4586385e-08
C1I020,萬大,2017-12-23,23.979817,121.132261,3.7081629e-09
C0U940,羅東,2017-12-23,24.68184,121.74934,2.1643606e-08
C0M650,朴子,2017-12-23,23.43463,120.23902,8.029525e-09
C1I500,大尖山,2017-12-23,23.858572,120.994889,9.199963e-09
C0G820,田尾,2017-12-23,23.901669,120.509389,1.0152008e-09
E2K600,四湖植物園,2017-12-23,23.676986,120.163433,0.00034705916
C0S730,綠島,2017-12-23,22.6672,121.47533,0.25346893
12Q970,東港工作站,2017-12-23,22.479997,120.466058,9.237374e-10
C0E430,南庄,2017-12-23,24.601775,121.000214,9.815169e-09
C1TA00,太魯閣,2017-12-23,24.15773,121.6236,1.1771526e-07
466920,臺北,2017-12-23,25.037658,121.514853,1.973362e-06
C0R600,舊泰武,2017-12-23,22.588194,120.664944,2.3737765e-09
C1I260,北坑,2017-12-23,23.9246,121.006903,3.3094636e-09
466910,鞍部,2017-12-23,25.182586,121.529731,2.1790056e-07
C1I230,九份二山,2017-12-23,23.961944,120.845,3.571837e-09
C2A660,瑞芳,2017-12-23,25.113169,121.801147,2.3851706e-05
C0R270,琉球嶼,2017-12-23,22.332244,120.362236,5.5903073e-09
C1T990,高寮,2017-12-23,23.394239,121.356808,3.951191e-09
C0G620,芬園,2017-12-23,24.015678,120.6213,6.809836e-10
C1Z140,荖溪,2017-12-23,23.890575,121.45964,2.6138263e-08
C1I201,中心崙,2017-12-23,23.728722,120.712097,2.495576e-09
C1I400,凌霄,2017-12-23,24.018778,121.004456,5.097164e-09
C1M640,十字,2017-12-23,23.492153,120.753683,1.2964527e-08
G2P820,農試鳳山分所,2017-12-23,22.646611,120.356083,4.7296485e-06
C0Z270,蕃薯寮,2017-12-23,23.73835,121.540108,6.0695404e-09
C0F9Q0,外埔,2017-12-23,24.347817,120.705686,2.652623e-09
C0K580,高鐵雲林,2017-12-23,23.737456,120.417944,9.651758e-10
C2I090,鳳凰,2017-12-23,23.728081,120.787347,9.819533e-09
C0U990,員山,2017-12-23,24.74435,121.72247,2.1879487e-08
C0V770,大社,2017-12-23,22.730306,120.346639,3.2768793e-07
C0X120,麻豆,2017-12-23,23.183289,120.248611,1.2213503e-07
C0C670,龍潭,2017-12-23,24.870056,121.221389,1.6469567e-06
C0D680,香山濕地,2017-12-23,24.783581,120.914988,0.9995052
C0S980,勝林山,2017-12-23,22.430439,120.8938,2.9323294e-07
C0V730,大寮,2017-12-23,22.605614,120.395717,2.0422054e-07
C0R570,麟洛,2017-12-23,22.65078,120.52719,1.1028653e-08
C2M930,石卓,2017-12-23,23.478744,120.702264,1.2932026e-08
C0G9B0,和美,2017-12-23,24.105169,120.492131,1.247183e-07
CAG100,王功漁港,2017-12-23,23.96824,120.32586,0.007351333
C0X290,北門,2017-12-23,23.267772,120.125481,2.789887e-07
C2F930,大甲,2017-12-23,24.347667,120.640403,5.678458e-07
C0D650,湖口,2017-12-23,24.904794,121.043628,0.999647
C0E420,竹南,2017-12-23,24.708978,120.888897,0.9999099
C0U780,五結,2017-12-23,24.68637,121.79794,2.2035744e-08
C1I250,鯉潭,2017-12-23,23.961922,120.991131,3.1852792e-09
C0R130,阿禮,2017-12-23,22.742908,120.743678,5.8055867e-09
C0X100,臺南市北區,2017-12-23,23.010394,120.194228,2.284247e-07
C0S920,金峰嘉蘭,2017-12-23,22.594789,120.960825,0.00015392582
C0V490,新興,2017-12-23,22.627422,120.298803,2.1918441e-07
C0F9K0,大安,2017-12-23,24.345061,120.588025,1.5051604e-06
72N100,臺南農改,2017-12-23,23.0605,120.342194,1.5580506e-08
467290,古坑,2017-12-23,23.633639,120.551889,7.592995e-10
C2E970,八甲,2017-12-23,24.535811,120.795983,3.068342e-08
C0V440,鳳山,2017-12-23,22.646653,120.356122,4.7296485e-06
C1T940,大觀,2017-12-23,23.714206,121.373133,6.87512e-09
72T250,花蓮農改,2017-12-23,23.975222,121.563889,2.012314e-08
C0E740,造橋,2017-12-23,24.637056,120.864778,0.49186727
C0R100,尾寮山,2017-12-23,22.833111,120.683889,1.4565293e-08
A2K630,臺大雲林校區,2017-12-23,23.730628,120.423903,9.651758e-10
C0D580,寶山,2017-12-23,24.735006,121.025192,4.3290864e-08
E2P990,林試扇平站,2017-12-23,22.9677,120.6857,1.5363725e-08
C0AI30,三重,2017-12-23,25.057328,121.500629,2.1555277e-06
C0AH00,汐止,2017-12-23,25.066881,121.658778,1.973362e-06
C1Z040,立山,2017-12-23,23.443356,121.327375,1.9300922e-08
C0W130,花嶼,2017-12-23,23.40007,119.32276,0.87515473
C0A950,鼻頭角,2017-12-23,25.129036,121.923372,0.9999437
C0K470,林內,2017-12-23,23.748675,120.609642,7.622626e-10
C2F990,摩天嶺,2017-12-23,24.322458,120.936819,7.991908e-09
82C160,茶改場,2017-12-23,24.908472,121.185333,9.917751e-05
C0Z320,清水林道,2017-12-23,23.27125,121.188272,1.497517e-08
C0R760,南仁湖,2017-12-23,22.084681,120.863353,0.99998957
C0M670,大林,2017-12-23,23.600616,120.45841,1.0961434e-09
C0M800,茶山,2017-12-23,23.299075,120.664767,3.2561485e-09
C0A9C0,天母,2017-12-23,25.117494,121.537169,9.642775e-07
72K220,南改斗南分場,2017-12-23,23.634556,120.477333,5.5738975e-10
72AI40,桃改樹林分場,2017-12-23,24.944503,121.386972,0.0001581511
C0S910,蘭嶼燈塔,2017-12-23,22.081197,121.503117,0.9289863
C0B050,八斗子,2017-12-23,25.144754,121.79167,0.00015408103
C0U900,內城,2017-12-23,24.71813,121.68766,2.1145539e-08
C0X320,柳營,2017-12-23,23.253328,120.375253,4.699957e-09
C0M790,新港,2017-12-23,23.553269,120.345728,2.9099099e-09
C0F9T0,西屯,2017-12-23,24.179494,120.641275,7.729223e-10
C0SA30,都歷,2017-12-23,23.020333,121.323642,0.030464614
C0C620,蘆竹,2017-12-23,25.084275,121.265767,0.726809
C0R730,大坪頂,2017-12-23,22.024633,120.69355,0.9998972
C0AJ40,石門,2017-12-23,25.273672,121.601198,0.008906134
C0E750,苗栗,2017-12-23,24.564569,120.824575,7.051263e-08
C0T870,鯉魚潭,2017-12-23,23.935639,121.508944,1.8215006e-08
C1V170,排雲,2017-12-23,23.463619,120.954147,3.1497148e-08
C2H950,中寮,2017-12-23,23.884447,120.766406,6.4904104e-10
C0R350,貓鼻頭,2017-12-23,21.921774,120.7358,0.84501827
C0V660,岡山,2017-12-23,22.797078,120.294958,1.6780615e-06
C1H941,雙冬,2017-12-23,23.967378,120.802189,3.3673362e-09
C0AJ70,田寮,2017-12-23,25.2698,121.4886,0.76848465
C0AI00,五股,2017-12-23,25.07445,121.42728,1.2479492e-05
C0Z280,德武,2017-12-23,23.47426,121.41071,5.102426e-09
C0R700,枋山,2017-12-23,22.246844,120.661086,0.9977291
C0C460,復興,2017-12-23,24.820208,121.352281,5.030692e-07
E2H360,蓮華池,2017-12-23,23.918333,120.885278,3.6399033e-09
C0M640,中埔,2017-12-23,23.42538,120.5229,2.4159181e-09
C0W140,金沙,2017-12-23,24.488292,118.408778,0.9999424
C2A540,四堵,2017-12-23,24.8926,121.745736,1.06609974e-07
C0ACA0,新莊,2017-12-23,25.051478,121.446756,1.1993384e-05
C0R220,潮州,2017-12-23,22.534361,120.54,1.3721185e-09
U2HA40,臺大內茅埔,2017-12-23,23.689722,120.851117,1.4832015e-08
467490,臺中,2017-12-23,24.145736,120.684075,8.5515706e-10
C0U960,翠峰湖,2017-12-23,24.510856,121.608044,5.2173053e-08
E2HA20,林試畢祿溪站,2017-12-23,24.226944,121.308522,1.830172e-08
C0V890,前鎮,2017-12-23,22.5718,120.3117,2.7747996e-07
467620,蘭嶼,2017-12-23,22.036969,121.558339,0.7148372
C1F941,雪嶺,2017-12-23,24.280586,121.026642,2.6334929e-08
C2H9E0,國姓南港,2017-12-23,23.911108,120.846556,5.103273e-09
C0AC80,文山,2017-12-23,25.00235,121.575728,1.086485e-05
C0F9R0,龍井,2017-12-23,24.184536,120.528972,7.2942885e-07
C0M760,民雄,2017-12-23,23.551754,120.428457,1.1382902e-09
C0UA40,西德山,2017-12-23,24.560647,121.752608,9.136907e-08
C1T920,中興,2017-12-23,23.769503,121.498653,6.5723964e-09
C0D550,雪霸,2017-12-23,24.526972,121.11605,1.6808382e-08
C2F860,梨山,2017-12-23,24.247522,121.243669,1.8723657e-08
C0R320,車城,2017-12-23,22.0744,120.716247,0.9925474
C1S870,南美山,2017-12-23,23.15025,121.382333,1.594348e-08
C0B020,基隆嶼,2017-12-23,25.19141,121.78391,0.99995524
C1U501,牛鬥,2017-12-23,24.637836,121.573656,4.5356064e-08
C0M730,嘉義市東區,2017-12-23,23.457673,120.460531,3.0353071e-09
C0S700,知本,2017-12-23,22.684866,121.005642,2.2706068e-08
C1N001,沙崙,2017-12-23,22.935472,120.309406,1.9695568e-08
C0V760,橋頭,2017-12-23,22.757806,120.30575,3.7392272e-07
C0G960,福寶,2017-12-23,24.0443,120.3814,1.323574e-07
C0X210,白河,2017-12-23,23.347466,120.414427,3.7274295e-09
C0S810,東河,2017-12-23,22.972672,121.303986,0.9999744
C2R170,屏東,2017-12-23,22.66027,120.49403,1.1021061e-08
C0R670,楓港,2017-12-23,22.190131,120.692156,0.9836667
C0FA50,霧峰,2017-12-23,24.0419,120.6995,6.802475e-10
C0UB10,蘇澳,2017-12-23,24.5969,121.8571,3.158062e-07
C0G950,防潮門,2017-12-23,24.1835,120.4871,7.3227534e-07
C0M740,六腳,2017-12-23,23.492871,120.290625,3.5853314e-09
C1R250,力里,2017-12-23,22.428117,120.629228,1.7290734e-09
C0K330,虎尾,2017-12-23,23.719183,120.442036,9.522642e-10
C2FA00,烏石坑,2017-12-23,24.273503,120.947617,7.914754e-09
C0V620,永安,2017-12-23,22.82315,120.236856,1.6780615e-06
C1I330,楓樹林,2017-12-23,23.986803,121.076117,4.180523e-09
C0W200,湖西,2017-12-23,23.596314,119.67275,0.9031607
72Q010,高雄農改場,2017-12-23,22.709333,120.525889,2.4293367e-09
C0SA40,瑞和,2017-12-23,22.974361,121.156697,0.054728817
C0C680,龜山,2017-12-23,25.02846,121.38656,4.964841e-06
C2V260,月眉,2017-12-23,22.971003,120.539853,2.1444875e-09
C0V450,鳳森,2017-12-23,22.545064,120.392592,5.1416922e-08
C0U720,南山,2017-12-23,24.43742,121.38167,3.572466e-08
A2N290,臺南蘭花園區,2017-12-23,23.340258,120.379661,8.283903e-09
C0R560,新園,2017-12-23,22.5434,120.461558,1.3377526e-07
C0U890,三星,2017-12-23,24.66812,121.65302,5.4254496e-08
C1V300,御油山,2017-12-23,23.001983,120.715364,1.5212475e-08
C0U600,礁溪,2017-12-23,24.817539,121.765608,1.316386e-07
C1T980,龍澗,2017-12-23,24.023289,121.411328,4.790007e-08
C0D670,海天一線,2017-12-23,24.831986,120.914438,0.9990991
C0SA00,歷坵,2017-12-23,22.520969,120.89185,0.00011156986
C0M710,東石,2017-12-23,23.458927,120.15385,6.040106e-07
C0M780,鹿草,2017-12-23,23.41134,120.30835,7.686138e-09
C0U520,雙連埤,2017-12-23,24.753033,121.641303,4.1797914e-08
C0B010,七堵,2017-12-23,25.094819,121.71713,2.5952997e-06
C0R480,長治,2017-12-23,22.693128,120.542622,4.8281716e-09
C1V830,國三S383K,2017-12-23,22.781967,120.426475,1.1371032e-09
12Q980,恆春工作站,2017-12-23,22.079678,120.714425,0.9925474
C1O940,東山服務區,2017-12-23,23.286016,120.398472,3.4393093e-09
C1U840,東澳嶺,2017-12-23,24.5378,121.8485,7.895744e-08
C1D630,飛鳳山,2017-12-23,24.766464,121.119178,1.1011169e-07
C0S940,石寧山,2017-12-23,23.223772,121.406639,7.366198e-09
C0K410,北港,2017-12-23,23.573957,120.292802,2.3615573e-08
C2M620,瑞里,2017-12-23,23.545133,120.675197,1.5087497e-08
C0SB70,小港漁港,2017-12-23,23.158558,121.400431,1.5155182e-07
C2O950,安南,2017-12-23,23.076694,120.144861,2.980387e-06
C0F0E0,南湖圈谷,2017-12-23,24.363714,121.444667,6.524699e-08
467610,成功,2017-12-23,23.097486,121.373428,7.448033e-05
C0G890,伸港,2017-12-23,24.148933,120.484403,1.8167077e-07
C2E540,龍溪,2017-12-23,24.606489,120.783933,0.6904211
C1V200,梅山,2017-12-23,23.268447,120.823556,7.573979e-09
C0T9H0,加路蘭山,2017-12-23,23.682947,121.5274,8.160281e-09
C2O930,玉井,2017-12-23,23.126042,120.46055,1.8257127e-08
C1F911,新伯公,2017-12-23,24.221361,120.841069,1.4418843e-09
C0R490,九如,2017-12-23,22.7405,120.490503,2.4831928e-09
C0X200,左鎮,2017-12-23,23.056758,120.408522,1.6755536e-08
C0SB50,叭嗡嗡,2017-12-23,23.047062,121.343223,0.21969788
C1F891,稍來,2017-12-23,24.265689,121.001142,1.990346e-08
72N240,七股研究中心,2017-12-23,23.081672,120.062894,3.5298294e-06
C0C700,中壢,2017-12-23,24.977661,121.256375,9.755038e-06
C0M690,水上,2017-12-23,23.419734,120.388909,4.0885366e-09
C0V690,鼓山,2017-12-23,22.623325,120.275575,2.1918441e-07
C0O860,大內,2017-12-23,23.11885,120.36083,1.7039113e-08
C0Z200,萬榮,2017-12-23,23.709219,121.420106,5.331145e-09
C0T9D0,和中,2017-12-23,24.26676,121.74103,3.7869388e-08
C1O921,楠西,2017-12-23,23.183511,120.484083,2.7239473e-09
C0AJ30,淡水觀海,2017-12-23,25.184591,121.408616,7.501838e-06
C0V810,左營,2017-12-23,22.67491,120.28491,8.907349e-06
C0UA70,桃源谷,2017-12-23,24.962606,121.888875,1.3088489e-07
C0X130,官田,2017-12-23,23.193217,120.315422,3.8171354e-08
C1H000,翠峰,2017-12-23,24.109397,121.205211,3.271352e-08
C0UA90,石城,2017-12-23,24.980444,121.951214,4.136138e-07
C1E681,南勢山,2017-12-23,24.421669,120.923831,7.666153e-09
C0A9F0,內湖,2017-12-23,25.079422,121.57545,1.973362e-06
C0K291,宜梧,2017-12-23,23.536281,120.169329,7.381785e-08
C1K540,口湖,2017-12-23,23.585344,120.180517,0.000561502
C0R780,滿州,2017-12-23,22.024403,120.839892,0.12509008
C0V870,文安,2017-12-23,22.8025,120.2164,1.0991849e-06
C0U650,玉蘭,2017-12-23,24.675286,121.587061,5.0879578e-08
C0R640,東港,2017-12-23,22.46247,120.44074,9.237374e-10
K2E360,苗栗農改,2017-12-23,24.495722,120.829111,6.4066175e-09
C0AJ80,板橋,2017-12-23,25.0107,121.4489,2.0910305e-05
C0S660,下馬,2017-12-23,23.150427,121.070312,1.2584454e-08
C1H9B1,阿眉,2017-12-23,24.1263,120.994672,1.0650161e-08
C0UA20,多加屯,2017-12-23,24.368614,121.373189,2.5873291e-08
C0E730,頭份,2017-12-23,24.688247,120.912206,0.99991363
72V140,高改旗南分場,2017-12-23,22.857861,120.516667,1.8235401e-09
C0K480,莿桐,2017-12-23,23.761192,120.502372,5.892972e-10
C0U980,坪林石牌,2017-12-23,24.86478,121.77396,4.753891e-08
C0T900,西林,2017-12-23,23.8119,121.441458,6.6448362e-09
C1I150,青雲,2017-12-23,23.793361,120.949378,4.204665e-09
467350,澎湖,2017-12-23,23.565503,119.563094,0.8297216
C0G800,埔鹽,2017-12-23,24.000394,120.431683,6.052457e-08
C0H960,草屯,2017-12-23,23.973672,120.68085,6.7578726e-10
C1V780,多納林道,2017-12-23,22.888028,120.737917,1.4421436e-08
C0E920,通霄漁港,2017-12-23,24.498589,120.673876,0.99878603
C0Z330,安通山,2017-12-23,23.290728,121.348528,5.6428746e-09
C0AH10,永和,2017-12-23,25.01125,121.508111,2.0927122e-05
C0AK10,太平里,2017-12-23,25.134937,121.364899,0.0023515285
C2G640,鹿港,2017-12-23,24.0753,120.430481,1.323574e-07
C1E890,國三N149K,2017-12-23,24.463414,120.680019,3.9332983e-05
C1R110,口社,2017-12-23,22.770111,120.645222,2.3256312e-09
C1M870,國三N285K,2017-12-23,23.550319,120.505833,8.436432e-10
467050,新屋,2017-12-23,25.006744,121.047486,0.9999664
C1E480,鳳美,2017-12-23,24.554803,121.034747,9.839199e-09
C0M530,奮起湖,2017-12-23,23.493903,120.699253,1.5728334e-08
C0C590,觀音,2017-12-23,25.027072,121.153317,0.9999621
C0T9M0,靜浦,2017-12-23,23.455167,121.495028,5.224802e-09
C2H9M0,發祥,2017-12-23,24.154094,121.164517,7.295517e-09
C0AI40,石牌,2017-12-23,25.115597,121.513139,1.0776575e-06
C1F871,上谷關,2017-12-23,24.203483,121.018644,5.6171987e-09
C2H9G0,百勝,2017-12-23,24.051142,120.909361,2.7153881e-09
C0G880,二水,2017-12-23,23.810742,120.6173,8.520393e-10
C0R940,加祿堂,2017-12-23,22.3363,120.6217,0.99998075
C0W220,北竿,2017-12-23,26.220358,119.974881,0.45275682
C0O960,崎頂,2017-12-23,22.959547,120.369317,1.1125799e-08
C0S750,向陽,2017-12-23,23.248397,120.986133,2.21578e-08
C0T9F0,水璉,2017-12-23,23.797131,121.542514,6.8678854e-09
C1M600,頭凍,2017-12-23,23.406364,120.603339,1.2988238e-08
467660,臺東,2017-12-23,22.752211,121.154586,0.99996036
C1D380,新埔,2017-12-23,24.84745,121.03834,0.9985906
C2G980,田頭村,2017-12-23,23.8263,120.444175,6.885287e-10
C0V750,路竹,2017-12-23,22.854997,120.259439,5.527015e-08
C0N050,蚵寮,2017-12-23,23.301,120.1104,2.1485647e-07
72M700,南改鹿草分場,2017-12-23,23.416869,120.283061,8.029112e-09
C1SA50,利嘉林道,2017-12-23,22.82325,121.009389,3.2059372e-08
467550,玉山,2017-12-23,23.487614,120.959522,3.0058228e-08
C0A940,金山,2017-12-23,25.223628,121.643967,1.4127938e-05
C1V340,大津,2017-12-23,22.888322,120.645986,2.9709044e-09
C0W180,七美,2017-12-23,23.219333,119.444892,0.94914263
C1F9C1,白冷,2017-12-23,24.182844,120.929889,1.9085875e-09
K2E710,苗改生物防治研究中心,2017-12-23,24.422861,120.871833,2.3263633e-09
C0N040,蘆竹溝,2017-12-23,23.2344,120.0961,2.789887e-07
C2W230,畜試所澎湖,2017-12-23,23.628342,119.513206,0.8623773
C0R880,後壁湖,2017-12-23,21.9457,120.7457,0.6095242
C1I280,埔中,2017-12-23,23.820778,120.642594,1.2630715e-09
467790,墾丁雷達站,2017-12-23,21.948235,120.808028,0.95740914
C0W190,望安,2017-12-23,23.380564,119.494075,0.91222686
466881,新北,2017-12-23,24.9593,121.52,1.622701e-05
C0Z170,卓溪,2017-12-23,23.3443,121.3029,3.925119e-09
C0F850,東勢,2017-12-23,24.246428,120.833047,1.7928152e-09
466900,淡水,2017-12-23,25.164889,121.448906,0.0023515285
C0I370,魚池,2017-12-23,23.895703,120.94135,3.942195e-09
C0C630,大溪,2017-12-23,24.882853,121.265547,2.6767414e-06
C0A520,山佳,2017-12-23,24.974944,121.402008,2.4160512e-05
C0I110,竹山,2017-12-23,23.761225,120.688156,8.612364e-10
82H840,茶改南部分場,2017-12-23,23.762528,120.7405,1.1987089e-09
C0G660,溪湖,2017-12-23,23.94835,120.479122,1.0069028e-09
C1T800,洛韶,2017-12-23,24.204558,121.453956,3.083602e-08
C1T810,慈恩,2017-12-23,24.192044,121.388386,2.8797423e-08
C1E451,象鼻,2017-12-23,24.368617,120.940228,5.763056e-09
C0AC60,三峽,2017-12-23,24.939025,121.369728,0.00011343475
C0I490,萬大林道,2017-12-23,23.928228,121.091411,6.374743e-09
C1I290,豐丘,2017-12-23,23.668178,120.887417,1.5550166e-08
C1I320,奧萬大,2017-12-23,23.952956,121.178556,4.3646775e-09
C2M910,嘉義大學,2017-12-23,23.471325,120.485903,2.5760418e-09
C0U770,南澳,2017-12-23,24.44935,121.81022,3.0697294e-08
C0A980,社子,2017-12-23,25.109508,121.469681,0.0035347675
C0V800,六龜,2017-12-23,22.997889,120.633583,3.75342e-09
C1G9D0,國一S218K,2017-12-23,23.890641,120.493253,8.2908225e-10
C0E570,白沙屯,2017-12-23,24.549447,120.696803,0.9997375
C2F9A0,中竹林,2017-12-23,24.103556,120.751061,1.7485378e-09
C0FA40,臺中電廠,2017-12-23,24.2146,120.4907,7.2942885e-07
C2G9A0,畜試所彰化,2017-12-23,23.86045,120.557964,6.43693e-10
C0H9C0,合歡山,2017-12-23,24.143442,121.272547,3.6595917e-08
C0X060,下營,2017-12-23,23.22695,120.256261,1.0634636e-07
G2M350,農試溪口農場,2017-12-23,23.58565,120.408111,1.1413992e-09
C0U860,頭城,2017-12-23,24.85323,121.8308,1.342457e-07
C0R580,南州,2017-12-23,22.48591,120.50274,9.237374e-10
C0D430,峨眉,2017-12-23,24.6905,121.017189,2.2299764e-06
C0G780,秀水,2017-12-23,24.03405,120.503869,1.0647556e-09
72N100,臺南農改場,2017-12-23,23.0605,120.342194,1.5580506e-08
C0S900,蘭嶼高中,2017-12-23,22.04909,121.51214,0.97301596
467540,大武,2017-12-23,22.355675,120.903789,0.99998784
C1F9W0,德基,2017-12-23,24.254783,121.190261,1.6946256e-08
C1Z120,壽豐,2017-12-23,23.870853,121.508081,1.3348846e-08
C0W160,烏坵,2017-12-23,24.9944,119.44956,0.83053035
C1I240,外大坪,2017-12-23,23.958697,120.917931,3.2439798e-09
C1I550,國六W023K,2017-12-23,23.979067,120.867742,1.7781613e-09
C0R870,興海,2017-12-23,21.9752,120.8439,0.9717697
C0R140,瑪家,2017-12-23,22.682903,120.686639,2.0954418e-09
C0A530,坪林,2017-12-23,24.938183,121.70975,1.2188673e-07
C0X260,後壁,2017-12-23,23.366358,120.362326,8.283903e-09
C0Z230,和平,2017-12-23,24.30717,121.77007,3.837495e-08
C0G770,福興,2017-12-23,24.041289,120.437669,6.058174e-08
C0H9A0,神木村,2017-12-23,23.532742,120.843667,1.3140286e-08
C0I460,南投,2017-12-23,23.911469,120.687331,4.817333e-10
C0I480,梅峰,2017-12-23,24.085272,121.173572,1.5153484e-08
C1V570,吉東,2017-12-23,22.85422,120.5454,1.7670514e-09
C2D740,屯原,2017-12-23,24.067969,121.209389,1.3712192e-08
C2A560,福山,2017-12-23,24.776203,121.502811,2.7038604e-07
C0AH30,五分山,2017-12-23,25.07125,121.780794,1.4242679e-07
C0FA10,松柏,2017-12-23,24.429115,120.617482,0.0004683861
72S200,東改班鳩分場,2017-12-23,22.829528,121.077694,0.9998252
72HA00,中改埔里分場,2017-12-23,23.903208,120.963364,3.4860024e-09
C2H9W0,大坪頂農水,2017-12-23,24.043122,120.932781,4.966966e-09
C0C650,平鎮,2017-12-23,24.897503,121.214636,9.922586e-06
C0S930,延平,2017-12-23,22.902581,121.084058,0.87481385
C0UA60,樟樹山,2017-12-23,24.41393,121.78325,4.4762544e-08
C1S670,摩天,2017-12-23,23.199503,121.027,3.342644e-08
C0V630,茄萣,2017-12-23,22.906642,120.182608,7.996485e-08
466940,基隆,2017-12-23,25.133314,121.740475,0.0001284496
C0X050,東河,2017-12-23,23.296598,120.385608,3.7787116e-09
C0R770,保力,2017-12-23,22.071122,120.764111,0.9923088
G2L020,農試嘉義分所,2017-12-23,23.485028,120.473806,1.6331835e-09
C0X240,關子嶺,2017-12-23,23.331169,120.508025,8.859063e-10
C0I380,集集,2017-12-23,23.828206,120.801467,9.648758e-10
466990,花蓮,2017-12-23,23.975128,121.613275,2.2351356e-08
C1V220,小關山,2017-12-23,23.154217,120.813603,1.2003797e-08
C1F9G1,慶福山,2017-12-23,24.180853,120.848378,4.0509978e-09
C0Z250,瑞穗林道,2017-12-23,23.49284,121.30688,5.4956576e-08
C0D590,新豐,2017-12-23,24.87068,120.97721,0.99993175
C0A870,五指山,2017-12-23,25.132153,121.608692,5.4636025e-08
C0UA50,西帽山,2017-12-23,24.555361,121.802628,9.9045764e-08
C0X160,仁德,2017-12-23,22.968258,120.257689,2.76487e-07
C1H971,六分寮,2017-12-23,23.92507,120.6378,7.311073e-10
C0W120,西嶼,2017-12-23,23.5626,119.468436,0.9331289
C0G650,員林,2017-12-23,23.946503,120.585597,6.5843253e-10
C0AD50,鶯歌,2017-12-23,24.951533,121.346294,6.807942e-05
C2H9Q0,北東眼山,2017-12-23,24.120939,121.189303,1.4544999e-08
C2H9T0,名間竹圍,2017-12-23,23.859914,120.637572,1.0191664e-09
C0S990,山豬窟,2017-12-23,22.318619,120.857372,0.9999922
72Q010,高雄農改,2017-12-23,22.709333,120.525889,2.4293367e-09
C0X190,安平,2017-12-23,22.993161,120.152181,2.284247e-07
C0K400,斗六,2017-12-23,23.720583,120.541127,5.055884e-10
12J990,口湖工作站,2017-12-23,23.589978,120.180394,0.000561502
C0O830,北寮,2017-12-23,23.079561,120.495008,8.3586854e-10
C1D410,白蘭,2017-12-23,24.579364,121.079947,1.2506853e-08
C0S970,加津林,2017-12-23,22.416211,120.926942,0.9999903
C0D700,關西,2017-12-23,24.7977,121.1732,1.1562569e-06
C0M810,里佳,2017-12-23,23.389125,120.716647,1.4519914e-08
C0U750,龜山島,2017-12-23,24.841667,121.953133,0.30255112
C0R810,內獅,2017-12-23,22.305064,120.642986,0.99997526
C1M390,龍美,2017-12-23,23.406728,120.654417,1.333106e-08
C2FB60,頭櫃山,2017-12-23,24.129842,120.858925,7.2752706e-09
C1H840,國三N238K,2017-12-23,23.841008,120.707711,9.357322e-10
CAQ030,崎峰國小,2017-12-23,22.42565,120.49521,9.237374e-10
C2E520,大湖,2017-12-23,24.414939,120.870872,2.4076194e-09
467530,阿里山,2017-12-23,23.508208,120.813242,1.8598264e-08
C1E691,南湖,2017-12-23,24.40135,120.837533,6.5781527e-09
C0FA30,梧棲,2017-12-23,24.256003,120.523381,9.309296e-07
C1V231,高中,2017-12-23,23.134911,120.716711,6.617264e-09
C0F9V0,新社,2017-12-23,24.200172,120.815806,1.6586271e-09
C0H890,埔里,2017-12-23,23.972169,120.952425,1.9715742e-09
C0R690,墾丁,2017-12-23,21.966756,120.810269,0.24510913
C0F0D0,審馬陣,2017-12-23,24.381675,121.4203,3.306708e-08
C0R820,白鷺,2017-12-23,22.454275,120.666219,1.9128123e-08
U2H480,臺大溪頭,2017-12-23,23.670306,120.798194,1.5290873e-08
C1V190,南天池,2017-12-23,23.27403,120.91176,2.1353905e-08
K2E360,苗栗農改場,2017-12-23,24.495722,120.829111,6.4066055e-09
CAJ050,海口故事園區,2017-12-23,23.57543,120.14121,0.000561502
C2H9D0,三隻寮,2017-12-23,24.093078,120.861578,5.034092e-09
C0O990,媽廟,2017-12-23,22.99175,120.293525,3.020478e-08
C0D480,打鐵坑,2017-12-23,24.849664,121.150789,1.5702069e-06
C0Z220,和平林道,2017-12-23,24.343922,121.656317,1.5798177e-08
C0TA10,花蓮漁港,2017-12-23,23.995322,121.638331,2.375603e-08
72C440,桃園農改場,2017-12-23,24.950944,121.030583,0.9998711
C1E711,馬拉邦山,2017-12-23,24.367306,120.901656,5.899183e-09
C0SB20,富岡,2017-12-23,22.792467,121.192669,0.99995846
C0D560,竹東,2017-12-23,24.767147,121.057881,1.4519591e-06
C0F9U0,南屯,2017-12-23,24.137006,120.637969,7.6815465e-10
C0M720,番路,2017-12-23,23.464657,120.554156,1.9243054e-09
C0F0A0,雪山圈谷,2017-12-23,24.388594,121.236339,4.2587686e-08
C1A9N0,四十份,2017-12-23,24.934158,121.593283,1.3876032e-06
C0U760,東澳,2017-12-23,24.52196,121.83318,3.7727185e-07
C0X230,鹽水,2017-12-23,23.272621,120.247641,3.3206481e-07
C2H9H0,苗改南投蜂場,2017-12-23,23.852589,120.693481,6.3027794e-10
C0R950,萬隆國小,2017-12-23,22.507667,120.587817,1.4335753e-09
C0V370,古亭坑,2017-12-23,22.893178,120.401947,7.691124e-09
C1I340,新興橋,2017-12-23,23.563333,120.868728,1.6621401e-08
C0SA80,土坂,2017-12-23,22.453108,120.887572,0.9999957
C0R160,鹽埔,2017-12-23,22.739558,120.530778,2.4293367e-09
C0AC40,大屯山,2017-12-23,25.175675,121.522408,1.5546627e-07
466850,五分山雷達站,2017-12-23,25.071182,121.781205,1.4029143e-07
C2H9L0,馬烈霸,2017-12-23,24.1512,121.201772,1.4270422e-08
C1AI50,國三N016K,2017-12-23,25.034164,121.619664,1.3646555e-06
C1V600,藤枝,2017-12-23,23.071961,120.757042,1.133667e-08
C1E601,南勢,2017-12-23,24.572486,120.734842,0.9997819
C0Z180,新城,2017-12-23,24.03946,121.60454,2.113937e-08
C0O980,新市,2017-12-23,23.061614,120.298197,2.0268786e-08
C0K420,西螺,2017-12-23,23.800407,120.467394,6.877451e-10
C0Z050,佳心,2017-12-23,23.34567,121.21316,1.8881671e-08
C0AD30,蘆洲,2017-12-23,25.086594,121.472331,2.1555277e-06
C0V610,梓官,2017-12-23,22.760558,120.267211,3.7392272e-07
K2F750,種苗改良場,2017-12-23,24.225972,120.800917,1.5341197e-09
C0UA80,大溪漁港,2017-12-23,24.941801,121.902955,3.0941484e-07
C1AI60,國一39K邊坡,2017-12-23,25.064361,121.383836,7.657419e-06
C0W150,金寧,2017-12-23,24.457703,118.328989,0.9999856
C0R960,內埔,2017-12-23,22.608483,120.570714,1.1549506e-09
V2C250,八德合作社,2017-12-23,24.93775,121.266389,1.7832906e-05
C2H9S0,龍南,2017-12-23,23.953536,120.833183,5.165635e-09
C0AH40,平等,2017-12-23,25.129142,121.577086,7.0459926e-08
C0R540,佳冬,2017-12-23,22.419456,120.552375,0.058192052
466950,彭佳嶼,2017-12-23,25.627975,122.079744,0.9997795
C0A890,雙溪,2017-12-23,25.036003,121.864242,6.3235298e-06
C0C480,桃園,2017-12-23,24.992425,121.323172,1.5103718e-05
C0AH50,林口,2017-12-23,25.072181,121.38084,3.5942041e-06
A2K360,水試臺西試驗場,2017-12-23,23.717231,120.190522,0.0005009207
B2N890,畜試所,2017-12-23,23.058972,120.336406,1.552225e-08
C2M960,外寮,2017-12-23,23.562643,120.665688,1.6786661e-08
C0F9S0,烏日,2017-12-23,24.107058,120.624103,5.7653843e-10
C0C490,八德,2017-12-23,24.928708,121.283289,1.693911e-05
C0R190,赤山,2017-12-23,22.592333,120.614306,1.1361169e-09
C0T820,天祥,2017-12-23,24.179597,121.495639,4.6087017e-08
C1F9E1,龍安,2017-12-23,24.1605,120.831961,2.0214108e-09
C0V820,小林,2017-12-23,23.148408,120.63325,1.2214727e-09
C2G870,芳苑,2017-12-23,23.922303,120.320025,0.0061538876
C0E850,大河,2017-12-23,24.618069,120.948578,1.4745644e-08
C1U670,寒溪,2017-12-23,24.634,121.71691,1.1523561e-07
C0N020,城西,2017-12-23,23.0568,120.0956,2.284247e-07
C1Z110,三棧,2017-12-23,24.11557,121.60501,3.8449755e-08
C0R280,檳榔,2017-12-23,22.076078,120.836777,0.9999846
C2H9J0,中台,2017-12-23,23.9996,120.938739,3.0982092e-09
C0F9L0,后里,2017-12-23,24.310436,120.729725,1.8079728e-09
C0D540,橫山,2017-12-23,24.71116,121.11693,2.7465385e-08
C1D420,太閣南,2017-12-23,24.632808,121.160575,5.4893405e-08
C1E770,公館,2017-12-23,24.526914,120.830806,6.7590102e-09
CAN130,水試所海水繁養殖中心,2017-12-23,23.120802,120.07968,3.5298294e-06
C1I430,翠華,2017-12-23,24.191961,121.224339,1.9755163e-08
C1M400,菜瓜坪,2017-12-23,23.251928,120.576103,1.9667403e-09
C0G730,二林,2017-12-23,23.903325,120.376081,1.4005061e-08
72M360,南改義竹分場,2017-12-23,23.360694,120.279361,1.0063948e-07
V2K620,麥寮合作社,2017-12-23,23.753836,120.294783,4.0249963e-09
C0Z070,舞鶴,2017-12-23,23.46811,121.37407,5.169765e-09
C0B040,大武崙,2017-12-23,25.166676,121.706993,6.857199e-05
C1Z030,紅葉,2017-12-23,23.493119,121.338806,5.523924e-09
C1I050,丹大,2017-12-23,23.753747,121.141147,2.6920802e-08
C0I080,信義,2017-12-23,23.689694,120.851036,1.4832015e-08
C2M920,朴子農改,2017-12-23,23.469889,120.259383,8.029525e-09
C2A880,福隆,2017-12-23,25.017842,121.942083,4.448071e-07
C0Z160,鳳林,2017-12-23,23.746114,121.453411,5.2591456e-09
C0V210,復興,2017-12-23,23.222403,120.806089,7.346232e-09
C0H990,昆陽,2017-12-23,24.121322,121.273642,4.3947193e-08
C0R741,獅子,2017-12-23,22.202308,120.705236,0.8663356
C0S710,鹿野,2017-12-23,22.917711,121.122994,0.0002294927
C0I530,小奇萊,2017-12-23,24.131764,121.295717,4.518958e-08
C2K630,荷苞,2017-12-23,23.657717,120.595144,8.132294e-10
C0Z080,富源,2017-12-23,23.587642,121.378225,8.091421e-09
467441,高雄,2017-12-23,22.7304,120.3125,3.2768793e-07
C0SB10,美和,2017-12-23,22.682078,121.060236,3.3462837e-07
C2K620,馬光農場,2017-12-23,23.721453,120.378864,9.66117e-10
C1I140,卡奈托灣,2017-12-23,23.754364,121.087872,7.558076e-09
C0I520,玉山風口,2017-12-23,23.470489,120.955994,3.2202905e-08
C1G691,下水埔,2017-12-23,23.816114,120.5676,5.9505983e-10
C0X110,臺南市南區,2017-12-23,22.961189,120.188378,2.7593487e-07
C0V680,仁武,2017-12-23,22.701083,120.347722,8.936994e-06
C2G840,北斗,2017-12-23,23.877586,120.514222,8.353442e-10
C0R900,竹坑,2017-12-23,22.1385,120.7022,0.9941446
C0K250,崙背,2017-12-23,23.75555,120.318925,4.0249963e-09
C0G860,社頭,2017-12-23,23.897647,120.5862,6.4016187e-10
C0X150,安定,2017-12-23,23.102614,120.227839,1.5380252e-07
C0R590,里港,2017-12-23,22.77919,120.49459,1.2234312e-09
C0E610,馬都安,2017-12-23,24.451272,120.930192,6.8476633e-09
C0E550,明德,2017-12-23,24.583486,120.885411,6.174233e-08
C0R150,三地門,2017-12-23,22.709889,120.639944,2.3159856e-09
C0G910,花壇,2017-12-23,24.032076,120.549461,1.0650583e-09
C1D400,鳥嘴山,2017-12-23,24.71909,121.28387,1.19157384e-07
C0K500,元長,2017-12-23,23.64981,120.315024,1.4067011e-08
C0F0B0,石岡,2017-12-23,24.276061,120.777644,1.9244524e-09
C2V250,甲仙,2017-12-23,23.080106,120.591758,8.274266e-10
C0SA20,金崙山,2017-12-23,22.567419,120.959667,4.2840327e-08
C0V350,溪埔,2017-12-23,22.738578,120.446797,3.1668452e-09
C0M660,溪口,2017-12-23,23.604131,120.403569,1.1413992e-09
C1S880,壽卡,2017-12-23,22.238911,120.858903,0.9999925
72D680,桃改新埔分場,2017-12-23,24.834444,121.066111,0.9989832
