站號,站名,日期,lat,lon,BlastGRU-TW
12J990,口湖工作站,2020-12-10,23.589978,120.180394,0.2983761
12Q970,東港工作站,2020-12-10,22.479997,120.466058,0.06548946
12Q980,恆春工作站,2020-12-10,22.079678,120.714425,0.0041756537
466881,新北,2020-12-10,24.9593,121.52,0.14976512
466900,淡水,2020-12-10,25.164889,121.448906,0.11415705
466920,臺北,2020-12-10,25.037658,121.514853,0.16054672
466940,基隆,2020-12-10,25.133314,121.740475,0.18660374
466990,花蓮,2020-12-10,23.975128,121.613275,0.7981084
467050,新屋,2020-12-10,25.006744,121.047486,0.008002794
467060,蘇澳,2020-12-10,24.596736,121.857372,0.2767438
467080,宜蘭,2020-12-10,24.763975,121.756528,0.6860724
467270,田中,2020-12-10,23.873803,120.581286,0.6417625
467300,東吉島,2020-12-10,23.25695,119.667467,0.0660912
467350,澎湖,2020-12-10,23.565503,119.563094,0.0020238063
467410,臺南,2020-12-10,22.993239,120.204772,0.07263083
467420,永康,2020-12-10,23.038386,120.2367,0.06978551
467441,高雄,2020-12-10,22.7304,120.3125,0.10291058
467480,嘉義,2020-12-10,23.495925,120.432906,0.314676
467490,臺中,2020-12-10,24.145736,120.684075,0.16856465
467540,大武,2020-12-10,22.355675,120.903789,0.08399344
467571,新竹,2020-12-10,24.827853,121.014219,0.0034113796
467590,恆春,2020-12-10,22.003897,120.746339,0.0038977691
467610,成功,2020-12-10,23.097486,121.373428,0.7697293
467620,蘭嶼,2020-12-10,22.036969,121.558339,0.0077301417
467660,臺東,2020-12-10,22.752211,121.154586,0.41122183
467790,墾丁雷達站,2020-12-10,21.948235,120.808028,0.0036540057
72AI40,桃改臺北分場,2020-12-10,24.944503,121.386972,0.11352157
72C440,桃園農改場,2020-12-10,24.950944,121.030583,0.008483178
72D680,新埔,2020-12-10,24.834444,121.066111,0.00861269
72G600,臺中農改場,2020-12-10,24.003028,120.534389,0.70870376
72K220,雲林分場,2020-12-10,23.634556,120.477333,0.71845883
72L140,朴子分場,2020-12-10,23.4982,120.2414,0.4300889
72M360,義竹工作站,2020-12-10,23.360694,120.279361,0.61177796
72M700,嘉義分場,2020-12-10,23.416869,120.283061,0.70370793
72N100,臺南農改場,2020-12-10,23.0605,120.342194,0.19425829
72N240,七股研究中心,2020-12-10,23.081672,120.062894,0.07190174
72Q010,高雄農改場,2020-12-10,22.709333,120.525889,0.016583262
72S200,斑鳩分場,2020-12-10,22.829528,121.077694,0.33995333
72S590,賓朗果園,2020-12-10,22.813889,121.071278,0.30150196
72T250,花蓮農改場,2020-12-10,23.975222,121.563889,0.7743201
72U480,蘭陽分場,2020-12-10,24.686306,121.716583,0.8568156
72V140,旗南,2020-12-10,22.857861,120.516667,0.028181177
82A750,文山分場,2020-12-10,24.955778,121.631222,0.5974609
82C160,茶改場(楊梅),2020-12-10,24.908472,121.185333,0.046423137
82H840,凍頂工作站,2020-12-10,23.762528,120.7405,0.36213654
82S580,龍田,2020-12-10,22.907694,121.130139,0.49974683
A0K420,麥寮,2020-12-10,23.7988,120.2177,0.710799
A0W080,吉貝,2020-12-10,23.74,119.6042,0.00079759443
A2C560,農工中心,2020-12-10,24.985917,121.239833,0.010367551
A2K360,臺西分所,2020-12-10,23.717231,120.190522,0.70468986
A2K570,古坑(花卉中心),2020-12-10,23.633531,120.552392,0.6602465
A2K630,臺大雲林校區,2020-12-10,23.730628,120.423903,0.73941416
A2N290,臺南蘭花園區,2020-12-10,23.340258,120.379661,0.7878272
B2E890,新竹畜試,2020-12-10,24.527806,120.770972,0.07721852
B2N890,畜產試驗所,2020-12-10,23.058972,120.336406,0.19425824
B2Q810,恆春分所,2020-12-10,21.945583,120.802167,0.003985613
B2U990,宜蘭畜試,2020-12-10,24.669039,121.832561,0.8706141
C0A520,山佳,2020-12-10,24.974944,121.402008,0.11352157
C0A530,坪林,2020-12-10,24.938183,121.70975,0.4588096
C0A540,四堵,2020-12-10,24.8926,121.745736,0.09152163
C0A550,泰平,2020-12-10,24.971197,121.823711,0.61223996
C0A560,福山,2020-12-10,24.776203,121.502811,0.5974609
C0A570,桶後,2020-12-10,24.848222,121.597992,0.10847017
C0A640,石碇,2020-12-10,24.993969,121.662917,0.5973451
C0A650,火燒寮,2020-12-10,25.002719,121.742892,0.52701926
C0A660,瑞芳,2020-12-10,25.113169,121.801147,0.6554451
C0A770,科教館,2020-12-10,25.096356,121.516507,0.1306595
C0A860,大坪,2020-12-10,25.165914,121.632969,0.022029126
C0A880,福隆,2020-12-10,25.017842,121.942083,0.7012789
C0A890,雙溪,2020-12-10,25.036003,121.864242,0.16667257
C0A920,富貴角,2020-12-10,25.263783,121.565258,0.06506192
C0A931,三和,2020-12-10,25.233153,121.595236,0.5576615
C0A940,金山,2020-12-10,25.223628,121.643967,0.0952064
C0A950,鼻頭角,2020-12-10,25.129036,121.923372,0.7079184
C0A970,三貂角,2020-12-10,25.007606,122.002058,0.6482441
C0A980,社子,2020-12-10,25.109508,121.469681,0.13629587
C0A9C0,天母,2020-12-10,25.117494,121.537169,0.119246885
C0A9F0,內湖,2020-12-10,25.079422,121.57545,0.16054672
C0AC60,三峽,2020-12-10,24.939025,121.369728,0.1444277
C0AC70,信義,2020-12-10,25.037822,121.564597,0.16054672
C0AC80,文山,2020-12-10,25.00235,121.575728,0.13276413
C0ACA0,新莊,2020-12-10,25.051478,121.446756,0.14293285
C0AD00,三芝,2020-12-10,25.258131,121.501917,0.07169439
C0AD10,八里,2020-12-10,25.150211,121.403947,0.11415705
C0AD30,蘆洲,2020-12-10,25.086594,121.472331,0.13065949
C0AD40,土城,2020-12-10,24.973208,121.445169,0.12507449
C0AD50,鶯歌,2020-12-10,24.951533,121.346294,0.08454649
C0AG80,中和,2020-12-10,24.991622,121.491792,0.16054672
C0AH00,汐止,2020-12-10,25.066881,121.658778,0.18328278
C0AH10,永和,2020-12-10,25.01125,121.508111,0.165954
C0AH40,平等,2020-12-10,25.129142,121.577086,0.054375626
C0AH50,林口,2020-12-10,25.072181,121.38084,0.05737658
C0AH70,松山,2020-12-10,25.04871,121.55042,0.16054672
C0AH80,深坑,2020-12-10,25.002703,121.628328,0.13276413
C0AI00,五股,2020-12-10,25.07445,121.42728,0.05632127
C0AI10,屈尺,2020-12-10,24.92184,121.54475,0.13276415
C0AI20,白沙灣,2020-12-10,25.283128,121.519058,0.10693456
C0AI30,三重,2020-12-10,25.057328,121.500629,0.13065949
C0AI40,石牌,2020-12-10,25.115597,121.513139,0.1250745
C0AJ10,澳底,2020-12-10,25.057107,121.927272,0.71575624
C0AJ20,野柳,2020-12-10,25.20703,121.690021,0.18328278
C0AJ30,淡水觀海,2020-12-10,25.184591,121.408616,0.12007675
C0AJ40,石門,2020-12-10,25.273672,121.601198,0.030371103
C0AJ50,水湳洞,2020-12-10,25.123695,121.862238,0.18328278
C0AJ60,六塊厝,2020-12-10,25.24,121.4481,0.12007675
C0AJ70,田寮,2020-12-10,25.2698,121.4886,0.112653404
C0AJ80,板橋,2020-12-10,25.0107,121.4489,0.12507449
C0B010,七堵,2020-12-10,25.094819,121.71713,0.17547297
C0B020,基隆嶼,2020-12-10,25.19141,121.78391,0.18328278
C0B040,大武崙,2020-12-10,25.166676,121.706993,0.17547297
C0B050,八斗子,2020-12-10,25.144754,121.79167,0.19010817
C0B060,暖暖,2020-12-10,25.0957,121.7403,0.15144232
C0C460,復興,2020-12-10,24.820208,121.352281,0.059421387
C0C480,桃園,2020-12-10,24.992425,121.323172,0.03409552
C0C490,八德,2020-12-10,24.928708,121.283289,0.16872053
C0C590,觀音,2020-12-10,25.027072,121.153317,0.06351771
C0C620,蘆竹,2020-12-10,25.084275,121.265767,0.0986864
C0C630,大溪,2020-12-10,24.882853,121.265547,0.15844618
C0C650,平鎮,2020-12-10,24.897503,121.214636,0.046423137
C0C660,楊梅,2020-12-10,24.912375,121.143047,0.0127490405
C0C670,龍潭,2020-12-10,24.870056,121.221389,0.022995465
C0C680,龜山,2020-12-10,25.02846,121.38656,0.07148839
C0C700,中壢,2020-12-10,24.977661,121.256375,0.036648266
C0C710,大溪永福,2020-12-10,24.892936,121.324975,0.011029642
C0C720,竹圍,2020-12-10,25.112692,121.239824,0.11415705
C0C730,中大臨海站,2020-12-10,24.966126,121.008581,0.0074490393
C0C740,觀音工業區,2020-12-10,25.064764,121.114856,0.0050570127
C0C750,新興坑尾,2020-12-10,25.0061,121.0971,0.005325876
C0D390,關西,2020-12-10,24.7977,121.1732,0.05201156
C0D430,峨眉,2020-12-10,24.6905,121.017189,0.0036572113
C0D480,打鐵坑,2020-12-10,24.849664,121.150789,0.038710184
C0D540,橫山,2020-12-10,24.71116,121.11693,0.0128509905
C0D560,竹東,2020-12-10,24.767147,121.057881,0.010477531
C0D580,寶山,2020-12-10,24.735006,121.025192,0.014844593
C0D590,新豐,2020-12-10,24.87068,120.97721,0.012889968
C0D650,湖口,2020-12-10,24.904794,121.043628,0.010028033
C0D660,新竹市東區,2020-12-10,24.798681,120.986942,0.0032909485
C0D670,海天一線,2020-12-10,24.831986,120.914438,0.002062141
C0D680,香山濕地,2020-12-10,24.783581,120.914988,0.0019889378
C0D690,外湖,2020-12-10,24.917735,120.968711,0.0074490393
C0E420,竹南,2020-12-10,24.708978,120.888897,0.0017732371
C0E430,南庄,2020-12-10,24.601775,121.000214,0.0043295487
C0E520,大湖,2020-12-10,24.41494,120.87087,0.0064371782
C0E540,後龍,2020-12-10,24.606489,120.783933,0.048236676
C0E550,明德,2020-12-10,24.583486,120.885411,0.11803087
C0E590,通霄,2020-12-10,24.471892,120.704622,0.11445849
C0E730,頭份,2020-12-10,24.688247,120.912206,0.0017732371
C0E740,造橋,2020-12-10,24.637056,120.864778,0.119086124
C0E750,苗栗,2020-12-10,24.564569,120.824575,0.026698135
C0E780,銅鑼,2020-12-10,24.489681,120.790853,0.12634254
C0E791,卓蘭,2020-12-10,24.3126,120.8244,0.39673388
C0E810,西湖,2020-12-10,24.562947,120.7485,0.03394849
C0E820,獅潭,2020-12-10,24.539133,120.920042,0.071498185
C0E830,苑裡,2020-12-10,24.439714,120.653053,0.26904953
C0E850,大河,2020-12-10,24.618069,120.948578,0.09547988
C0E870,高鐵苗栗,2020-12-10,24.60725,120.826094,0.0429376
C0E910,海埔,2020-12-10,24.648767,120.772435,0.15110826
C0E920,通霄漁港,2020-12-10,24.498589,120.673876,0.17732129
C0E930,龍鳳,2020-12-10,24.700034,120.859125,0.13576613
C0F000,大肚,2020-12-10,24.15295,120.572117,0.4263706
C0F0B0,石岡,2020-12-10,24.276061,120.777644,0.48106152
C0F850,東勢,2020-12-10,24.246428,120.833047,0.27517998
C0F930,大甲,2020-12-10,24.347667,120.640403,0.23418182
C0F970,大坑,2020-12-10,24.173142,120.722289,0.10545863
C0F9A0,中竹林,2020-12-10,24.103556,120.751061,0.32780322
C0F9I0,神岡,2020-12-10,24.272481,120.658314,0.2634167
C0F9K0,大安,2020-12-10,24.345061,120.588025,0.3925214
C0F9L0,后里,2020-12-10,24.310436,120.729725,0.19388717
C0F9M0,豐原,2020-12-10,24.254322,120.720692,0.23699927
C0F9N0,大里,2020-12-10,24.092464,120.701378,0.47754937
C0F9O0,潭子,2020-12-10,24.213106,120.703933,0.24613506
C0F9P0,清水,2020-12-10,24.312297,120.562242,0.43229866
C0F9Q0,外埔,2020-12-10,24.347817,120.705686,0.2714585
C0F9R0,龍井,2020-12-10,24.184536,120.528972,0.47825328
C0F9S0,烏日,2020-12-10,24.107058,120.624103,0.7190411
C0F9T0,西屯,2020-12-10,24.179494,120.641275,0.30921903
C0F9U0,南屯,2020-12-10,24.137006,120.637969,0.47754937
C0F9X0,大雅(中科園區),2020-12-10,24.21528,120.62445,0.17317712
C0FA10,松柏,2020-12-10,24.429115,120.617482,0.32293916
C0FA20,溫寮,2020-12-10,24.372177,120.583125,0.32293916
C0FA30,梧棲,2020-12-10,24.256003,120.523381,0.47825328
C0FA40,臺中電廠,2020-12-10,24.2146,120.4907,0.47825328
C0FA50,霧峰,2020-12-10,24.0419,120.6995,0.24585739
C0G620,芬園,2020-12-10,24.015678,120.6213,0.67337686
C0G640,鹿港,2020-12-10,24.0753,120.430481,0.72794574
C0G650,員林,2020-12-10,23.946503,120.585597,0.5221639
C0G660,溪湖,2020-12-10,23.94835,120.479122,0.6844635
C0G720,溪州,2020-12-10,23.851589,120.499093,0.5635284
C0G730,二林,2020-12-10,23.903325,120.376081,0.72581863
C0G740,大城,2020-12-10,23.852487,120.320935,0.6699271
C0G770,福興,2020-12-10,24.041289,120.437669,0.72794574
C0G780,秀水,2020-12-10,24.03405,120.503869,0.69611746
C0G800,埔鹽,2020-12-10,24.000394,120.431683,0.72794574
C0G810,埔心,2020-12-10,23.947633,120.525456,0.66963375
C0G820,田尾,2020-12-10,23.901669,120.509389,0.65436864
C0G830,埤頭,2020-12-10,23.866003,120.452806,0.5245749
C0G840,北斗,2020-12-10,23.877586,120.514222,0.65436906
C0G860,社頭,2020-12-10,23.897647,120.5862,0.509694
C0G870,芳苑,2020-12-10,23.922303,120.320025,0.6633466
C0G880,二水,2020-12-10,23.810742,120.6173,0.6613104
C0G890,伸港,2020-12-10,24.148933,120.484403,0.53792006
C0G900,線西,2020-12-10,24.143358,120.443536,0.45326957
C0G910,花壇,2020-12-10,24.032076,120.549461,0.71827996
C0G920,永靖,2020-12-10,23.924703,120.547533,0.65436906
C0G940,竹塘,2020-12-10,23.848253,120.386764,0.6396277
C0G950,防潮門,2020-12-10,24.1835,120.4871,0.4948655
C0G960,福寶,2020-12-10,24.0443,120.3814,0.7198401
C0G970,三豐,2020-12-10,23.882,120.2895,0.6679559
C0H890,埔里,2020-12-10,23.972169,120.952425,0.49149993
C0H950,中寮,2020-12-10,23.884447,120.766406,0.4716601
C0H960,草屯,2020-12-10,23.973672,120.68085,0.6577676
C0I110,竹山,2020-12-10,23.761225,120.688156,0.54374117
C0I360,水里,2020-12-10,23.812553,120.849792,0.41427615
C0I380,集集,2020-12-10,23.828206,120.801467,0.43190873
C0I410,名間,2020-12-10,23.837053,120.701447,0.64210224
C0I420,國姓,2020-12-10,24.037803,120.855072,0.42991978
C0I460,南投,2020-12-10,23.911469,120.687331,0.6043625
C0K250,崙背,2020-12-10,23.75555,120.318925,0.69605815
C0K280,四湖,2020-12-10,23.630414,120.227125,0.6988661
C0K291,宜梧,2020-12-10,23.536281,120.169329,0.4026456
C0K330,虎尾,2020-12-10,23.719183,120.442036,0.7435443
C0K390,土庫,2020-12-10,23.679029,120.395574,0.73941416
C0K400,斗六,2020-12-10,23.720583,120.541127,0.7092568
C0K410,北港,2020-12-10,23.573957,120.292802,0.56305707
C0K420,西螺,2020-12-10,23.800407,120.467394,0.6981126
C0K430,褒忠,2020-12-10,23.690938,120.303634,0.710799
C0K440,二崙,2020-12-10,23.772797,120.408944,0.65889925
C0K450,大埤,2020-12-10,23.646074,120.431537,0.7491068
C0K460,斗南,2020-12-10,23.678734,120.478359,0.7178303
C0K470,林內,2020-12-10,23.748675,120.609642,0.69047
C0K480,莿桐,2020-12-10,23.761192,120.502372,0.6942019
C0K500,元長,2020-12-10,23.64981,120.315024,0.6575571
C0K510,水林,2020-12-10,23.572924,120.24597,0.32226363
C0K530,臺西,2020-12-10,23.701547,120.197559,0.7074018
C0K550,蔦松,2020-12-10,23.514319,120.229736,0.430089
C0K560,棋山,2020-12-10,23.68645,120.603417,0.7081347
C0K580,高鐵雲林,2020-12-10,23.737456,120.417944,0.73941416
C0K590,雲林東勢,2020-12-10,23.674192,120.255721,0.710799
C0K600,箔子寮,2020-12-10,23.6197,120.14,0.2983761
C0M410,馬頭山,2020-12-10,23.324361,120.582017,0.34964943
C0M520,東後寮,2020-12-10,23.369908,120.248065,0.25693053
C0M640,中埔,2020-12-10,23.42538,120.5229,0.61848927
C0M650,朴子,2020-12-10,23.43463,120.23902,0.40966776
C0M660,溪口,2020-12-10,23.604131,120.403569,0.39774388
C0M670,大林,2020-12-10,23.600616,120.45841,0.3185719
C0M680,太保,2020-12-10,23.455062,120.331455,0.70110697
C0M690,水上,2020-12-10,23.419734,120.388909,0.30853772
C0M700,竹崎,2020-12-10,23.526178,120.555508,0.61261195
C0M710,東石,2020-12-10,23.458927,120.15385,0.430089
C0M720,番路,2020-12-10,23.464657,120.554156,0.54701215
C0M730,嘉義市東區,2020-12-10,23.457673,120.460531,0.29542455
C0M740,六腳,2020-12-10,23.492871,120.290625,0.6816164
C0M750,布袋,2020-12-10,23.380878,120.167789,0.40966776
C0M760,民雄,2020-12-10,23.551754,120.428457,0.37473816
C0M770,嘉義梅山,2020-12-10,23.585398,120.555587,0.68405354
C0M780,鹿草,2020-12-10,23.41134,120.30835,0.7195749
C0M790,新港,2020-12-10,23.553269,120.345728,0.5878648
C0M800,茶山,2020-12-10,23.299075,120.664767,0.31279576
C0M880,好美里,2020-12-10,23.3364,120.138,0.089923136
C0N010,鯤鯓國小,2020-12-10,23.1879,120.0889,0.16927983
C0N020,城西,2020-12-10,23.0568,120.0956,0.0747311
C0N030,四草,2020-12-10,23.0235,120.1116,0.14764741
C0N040,蘆竹溝,2020-12-10,23.2344,120.0961,0.16927983
C0N050,蚵寮,2020-12-10,23.301,120.1104,0.16927983
C0O810,曾文,2020-12-10,23.219681,120.497328,0.64344543
C0O830,北寮,2020-12-10,23.079561,120.495008,0.10549899
C0O840,王爺宮,2020-12-10,23.222064,120.40085,0.64344543
C0O860,大內,2020-12-10,23.11885,120.36083,0.7700245
C0O900,善化,2020-12-10,23.112883,120.297219,0.15110043
C0O930,玉井,2020-12-10,23.126042,120.46055,0.77921695
C0O950,安南,2020-12-10,23.076694,120.144861,0.03901146
C0O960,崎頂,2020-12-10,22.959547,120.369317,0.0518275
C0O970,虎頭埤,2020-12-10,23.021375,120.347878,0.54631275
C0O980,新市,2020-12-10,23.061614,120.298197,0.15110043
C0O990,媽廟,2020-12-10,22.99175,120.293525,0.19553427
C0R150,三地門,2020-12-10,22.709889,120.639944,0.015528873
C0R160,鹽埔,2020-12-10,22.739558,120.530778,0.016583262
C0R170,屏東,2020-12-10,22.660269,120.494072,0.58716077
C0R190,赤山,2020-12-10,22.592333,120.614306,0.015417377
C0R220,潮州,2020-12-10,22.534361,120.54,0.011818392
C0R240,來義,2020-12-10,22.527306,120.625111,0.017603483
C0R260,春日,2020-12-10,22.370361,120.628306,0.019776627
C0R270,琉球嶼,2020-12-10,22.332244,120.362236,0.019213775
C0R280,檳榔,2020-12-10,22.076078,120.836777,0.0026502577
C0R320,車城,2020-12-10,22.0744,120.716247,0.004175656
C0R341,牡丹,2020-12-10,22.130036,120.792639,0.019501083
C0R350,貓鼻頭,2020-12-10,21.921774,120.7358,0.0038134758
C0R470,高樹,2020-12-10,22.826389,120.600806,0.014457891
C0R480,長治,2020-12-10,22.693128,120.542622,0.017270207
C0R490,九如,2020-12-10,22.7405,120.490503,0.6158722
C0R520,崁頂,2020-12-10,22.514781,120.506914,0.0702063
C0R540,佳冬,2020-12-10,22.419456,120.552375,0.06548946
C0R550,新埤,2020-12-10,22.467947,120.582894,0.015075028
C0R560,新園,2020-12-10,22.5434,120.461558,0.070206314
C0R570,麟洛,2020-12-10,22.65078,120.52719,0.6158722
C0R580,南州,2020-12-10,22.48591,120.50274,0.06548946
C0R590,里港,2020-12-10,22.77919,120.49459,0.019107383
C0R620,墾雷,2020-12-10,21.900836,120.855269,0.0038134758
C0R640,東港,2020-12-10,22.46247,120.44074,0.13125461
C0R650,竹田,2020-12-10,22.58486,120.54344,0.014797082
C0R660,枋寮,2020-12-10,22.367722,120.590647,0.012110245
C0R670,楓港,2020-12-10,22.190131,120.692156,0.035369083
C0R680,佳樂水,2020-12-10,21.993578,120.861633,0.003985613
C0R690,墾丁,2020-12-10,21.966756,120.810269,0.0024695857
C0R700,枋山,2020-12-10,22.246844,120.661086,0.035369083
C0R710,龍磐,2020-12-10,21.931672,120.838942,0.0030733955
C0R720,旭海,2020-12-10,22.205403,120.887614,0.07601395
C0R730,大坪頂,2020-12-10,22.024633,120.69355,0.003511992
C0R740,獅子,2020-12-10,22.201569,120.70525,0.032385144
C0R760,南仁湖,2020-12-10,22.084681,120.863353,0.0015997271
C0R770,保力,2020-12-10,22.071122,120.764111,0.0034256787
C0R780,滿州,2020-12-10,22.024403,120.839892,0.0037315965
C0R790,九棚,2020-12-10,22.14195,120.889281,0.07275894
C0R800,丹路,2020-12-10,22.204481,120.750989,0.025371948
C0R810,內獅,2020-12-10,22.305064,120.642986,0.023442887
C0R830,高士,2020-12-10,22.121825,120.836781,0.0010088172
C0R850,林邊,2020-12-10,22.4634,120.5339,0.070206314
C0R860,鼻頭,2020-12-10,22.1043,120.8979,0.05181975
C0R870,興海,2020-12-10,21.9752,120.8439,0.003985613
C0R880,後壁湖,2020-12-10,21.9457,120.7457,0.004280816
C0R890,山海,2020-12-10,21.9878,120.7091,0.004175656
C0R900,竹坑,2020-12-10,22.1385,120.7022,0.03270621
C0R910,下寮,2020-12-10,22.3929,120.5548,0.065489516
C0R920,塭仔,2020-12-10,22.4169,120.5197,0.063743636
C0R930,萬丹,2020-12-10,22.5885,120.4851,0.014797082
C0R940,加祿堂,2020-12-10,22.3363,120.6217,0.023442887
C0S710,鹿野,2020-12-10,22.917711,121.122994,0.36408985
C0S730,綠島,2020-12-10,22.6672,121.47533,0.6755795
C0S740,池上,2020-12-10,23.119628,121.209469,0.46148285
C0S770,大溪山,2020-12-10,22.478475,120.943325,0.31466693
C0S790,金崙,2020-12-10,22.538122,120.966875,0.3049918
C0S810,東河,2020-12-10,22.972672,121.303986,0.57217747
C0S830,長濱,2020-12-10,23.286817,121.411975,0.35666883
C0S840,南田,2020-12-10,22.279725,120.889208,0.07690855
C0S890,關山,2020-12-10,23.0395,121.175017,0.52774966
C0S900,蘭嶼高中,2020-12-10,22.04909,121.51214,0.12155345
C0S910,蘭嶼燈塔,2020-12-10,22.081197,121.503117,0.079303466
C0S920,金峰嘉蘭,2020-12-10,22.594789,120.960825,0.22946538
C0S930,延平,2020-12-10,22.902581,121.084058,0.4513281
C0S940,石寧山,2020-12-10,23.223772,121.406639,0.46662804
C0S950,七塊厝,2020-12-10,22.954453,121.229922,0.32017225
C0S960,香蘭,2020-12-10,22.587569,120.993375,0.17860386
C0S970,加津林,2020-12-10,22.416211,120.926942,0.08206075
C0S990,山豬窟,2020-12-10,22.318619,120.857372,0.09771039
C0SA00,歷坵,2020-12-10,22.520969,120.89185,0.26990238
C0SA10,檳榔四格山,2020-12-10,22.810031,121.109308,0.20425348
C0SA30,都歷,2020-12-10,23.020333,121.323642,0.70952165
C0SA40,瑞和,2020-12-10,22.974361,121.156697,0.5502378
C0SA60,知本（水試所）,2020-12-10,22.702394,121.082761,0.28490892
C0SA80,土坂,2020-12-10,22.453108,120.887572,0.26133218
C0SA90,達仁林場,2020-12-10,22.264347,120.823972,0.008798587
C0T870,鯉魚潭,2020-12-10,23.935639,121.508944,0.69870025
C0T900,西林,2020-12-10,23.8119,121.441458,0.68238264
C0T960,光復,2020-12-10,23.660694,121.424964,0.84340316
C0T9A0,月眉山,2020-12-10,23.809928,121.539828,0.69143534
C0T9D0,和中,2020-12-10,24.26676,121.74103,0.122839175
C0T9E0,大坑,2020-12-10,23.880628,121.581981,0.70553094
C0T9F0,水璉,2020-12-10,23.797131,121.542514,0.71081144
C0T9I0,豐濱,2020-12-10,23.583897,121.514806,0.8849583
C0T9M0,靜浦,2020-12-10,23.455167,121.495028,0.9183561
C0T9N0,富里,2020-12-10,23.171639,121.249378,0.28155094
C0U600,礁溪,2020-12-10,24.817539,121.765608,0.6832981
C0U650,玉蘭,2020-12-10,24.675286,121.587061,0.46018738
C0U750,龜山島,2020-12-10,24.841667,121.953133,0.6441538
C0U760,東澳,2020-12-10,24.52196,121.83318,0.55488735
C0U770,南澳,2020-12-10,24.44935,121.81022,0.51715076
C0U780,五結,2020-12-10,24.68637,121.79794,0.8706141
C0U860,頭城,2020-12-10,24.85323,121.8308,0.6860724
C0U870,大礁溪,2020-12-10,24.791042,121.675047,0.5297311
C0U880,北關,2020-12-10,24.9072,121.8734,0.18114762
C0U890,三星,2020-12-10,24.66812,121.65302,0.632106
C0U900,內城,2020-12-10,24.71813,121.68766,0.672883
C0U910,冬山,2020-12-10,24.63373,121.7937,0.8706141
C0U940,羅東,2020-12-10,24.68184,121.74934,0.8647013
C0U970,大福,2020-12-10,24.80064,121.81389,0.6883738
C0U990,員山,2020-12-10,24.74435,121.72247,0.8647013
C0UA00,土場,2020-12-10,24.576533,121.495333,0.58704436
C0UA80,大溪漁港,2020-12-10,24.941801,121.902955,0.6832981
C0UA90,石城,2020-12-10,24.980444,121.951214,0.69288635
C0UB00,淡江大學蘭陽校園,2020-12-10,24.823239,121.730383,0.53238094
C0UB10,蘇澳,2020-12-10,24.5969,121.8571,0.2767438
C0UB20,壯圍,2020-12-10,24.7359,121.8163,0.8771911
C0V250,甲仙,2020-12-10,23.080106,120.591758,0.43603164
C0V260,月眉,2020-12-10,22.971003,120.539853,0.0827642
C0V310,美濃,2020-12-10,22.898742,120.519153,0.8134168
C0V350,溪埔,2020-12-10,22.738578,120.446797,0.33348864
C0V360,內門,2020-12-10,22.975481,120.466769,0.7802162
C0V370,古亭坑,2020-12-10,22.893178,120.401947,0.84460896
C0V400,阿公店,2020-12-10,22.804194,120.355528,0.4482529
C0V440,鳳山,2020-12-10,22.646653,120.356122,0.16965477
C0V450,鳳森,2020-12-10,22.545064,120.392592,0.015279793
C0V490,新興,2020-12-10,22.627422,120.298803,0.14247485
C0V530,阿蓮,2020-12-10,22.883208,120.327508,0.17660546
C0V610,梓官,2020-12-10,22.760558,120.267211,0.100291386
C0V620,永安,2020-12-10,22.82315,120.236856,0.05404186
C0V630,茄萣,2020-12-10,22.906642,120.182608,0.07038605
C0V640,湖內,2020-12-10,22.887139,120.2445,0.0727315
C0V650,彌陀,2020-12-10,22.783806,120.246361,0.05404186
C0V660,岡山,2020-12-10,22.797078,120.294958,0.100291386
C0V680,仁武,2020-12-10,22.701083,120.347722,0.109428294
C0V690,鼓山,2020-12-10,22.623325,120.275575,0.14247485
C0V700,三民,2020-12-10,22.645017,120.311233,0.14247485
C0V710,苓雅,2020-12-10,22.622742,120.330669,0.14247485
C0V720,林園,2020-12-10,22.507747,120.394511,0.14247485
C0V730,大寮,2020-12-10,22.605614,120.395717,0.014704809
C0V740,旗山,2020-12-10,22.888614,120.483597,0.81050646
C0V750,路竹,2020-12-10,22.854997,120.259439,0.11540543
C0V760,橋頭,2020-12-10,22.757806,120.30575,0.106229566
C0V770,大社,2020-12-10,22.730306,120.346639,0.109428294
C0V790,萬山,2020-12-10,22.905944,120.688056,0.31973946
C0V800,六龜,2020-12-10,22.997889,120.633583,0.08461375
C0V810,左營,2020-12-10,22.67491,120.28491,0.10291058
C0V820,小林,2020-12-10,23.148408,120.63325,0.26787055
C0V840,鳳鼻頭,2020-12-10,22.5083,120.3591,0.13125461
C0V850,蚵仔寮,2020-12-10,22.7256,120.2527,0.097056955
C0V860,南寮,2020-12-10,22.7616,120.2339,0.052467953
C0V870,文安,2020-12-10,22.8025,120.2164,0.05246797
C0V880,興達,2020-12-10,22.8778,120.2127,0.07038605
C0V890,前鎮,2020-12-10,22.5718,120.3117,0.13125445
C0V900,汕尾,2020-12-10,22.4782,120.4151,0.3240565
C0X050,東河,2020-12-10,23.296598,120.385608,0.7878272
C0X060,下營,2020-12-10,23.22695,120.256261,0.26639023
C0X080,佳里,2020-12-10,23.173039,120.145086,0.08992311
C0X100,臺南市北區,2020-12-10,23.010394,120.194228,0.0669997
C0X110,臺南市南區,2020-12-10,22.961189,120.188378,0.06978551
C0X120,麻豆,2020-12-10,23.183289,120.248611,0.09508571
C0X130,官田,2020-12-10,23.193217,120.315422,0.30986968
C0X140,西港,2020-12-10,23.125608,120.203108,0.09797196
C0X150,安定,2020-12-10,23.102614,120.227839,0.048477173
C0X160,仁德,2020-12-10,22.968258,120.257689,0.17973426
C0X170,關廟,2020-12-10,22.963017,120.327797,0.25210232
C0X180,山上,2020-12-10,23.0757,120.363253,0.83035946
C0X190,安平,2020-12-10,22.993161,120.152181,0.0669997
C0X200,左鎮,2020-12-10,23.056758,120.408522,0.83080745
C0X210,白河,2020-12-10,23.347466,120.414427,0.78127366
C0X220,學甲,2020-12-10,23.230367,120.182187,0.09508571
C0X230,鹽水,2020-12-10,23.272621,120.247641,0.155837
C0X240,關子嶺,2020-12-10,23.331169,120.508025,0.18980406
C0X250,新營,2020-12-10,23.310689,120.316681,0.43996957
C0X260,後壁,2020-12-10,23.366358,120.362326,0.80992895
C0X280,將軍,2020-12-10,23.214999,120.13577,0.08992311
C0X290,北門,2020-12-10,23.267772,120.125481,0.08992311
C0X300,鹿寮,2020-12-10,23.386047,120.477331,0.71544933
C0X310,七股,2020-12-10,23.147289,120.086253,0.13951333
C0X320,柳營,2020-12-10,23.253328,120.375253,0.7878272
C0Z020,明里,2020-12-10,23.208717,121.262342,0.3886738
C0Z061,玉里,2020-12-10,23.3215,121.339656,0.46600118
C0Z070,舞鶴,2020-12-10,23.46811,121.37407,0.8111146
C0Z080,富源,2020-12-10,23.587642,121.378225,0.797718
C0Z100,東華,2020-12-10,23.89525,121.549833,0.8103851
C0Z150,吉安光華,2020-12-10,23.930925,121.595153,0.8325629
C0Z160,鳳林,2020-12-10,23.746114,121.453411,0.8563214
C0Z170,卓溪,2020-12-10,23.3443,121.3029,0.44509274
C0Z180,新城,2020-12-10,24.03946,121.60454,0.7825919
C0Z190,富世,2020-12-10,24.14743,121.6297,0.32944858
C0Z200,萬榮,2020-12-10,23.709219,121.420106,0.6987
C0Z210,瑞穗,2020-12-10,23.5239,121.39021,0.8992292
C0Z230,和平,2020-12-10,24.30717,121.77007,0.122839175
C0Z270,蕃薯寮,2020-12-10,23.73835,121.540108,0.85785973
C0Z280,德武,2020-12-10,23.47426,121.41071,0.8615673
C0Z300,東里,2020-12-10,23.26853,121.30547,0.45421368
C0Z310,清水斷崖,2020-12-10,24.218294,121.689142,0.24095199
C0Z330,安通山,2020-12-10,23.290728,121.348528,0.36902064
CAA010,國一N013K,2020-12-10,25.06944,121.6281,0.15555115
CAA020,國一S026K,2020-12-10,25.07639,121.4964,0.13065949
CAA030,國三S010K,2020-12-10,25.08,121.6475,0.16054672
CAA040,國三S016K,2020-12-10,25.03306,121.6158,0.12077057
CAA050,國三S037K,2020-12-10,24.9828,121.471,0.15555115
CAA060,國三S042K,2020-12-10,24.96,121.4306,0.107617654
CAA070,國三N046K,2020-12-10,24.95083,121.3958,0.11352157
CAA080,國三S054K,2020-12-10,24.93917,121.3239,0.029110514
CAA090,國三A005K,2020-12-10,25.00194,121.5975,0.14976512
CAAH60,大安森林,2020-12-10,25.02955,121.53628,0.165954
CAB010,國一S001K,2020-12-10,25.11583,121.7286,0.17093793
CAB020,國一S006K,2020-12-10,25.08694,121.6869,0.1792676
CAB030,國三S004K,2020-12-10,25.11444,121.6886,0.664205
CAB040,國三S007K,2020-12-10,25.09694,121.6678,0.15144232
CAB050,國三K002K,2020-12-10,25.14583,121.7217,0.15144232
CAC010,國一S072K,2020-12-10,24.89583,121.1342,0.014384012
CAC020,國二E009K,2020-12-10,25.02111,121.2736,0.03018228
CAC030,國三N063K,2020-12-10,24.889,121.26,0.16346385
CAC050,西濱S023K,2020-12-10,25.11649,121.27551,0.11415705
CAC060,西濱S032K,2020-12-10,25.091966,121.192505,0.12007672
CAD010,國一S105K,2020-12-10,24.726316,120.940643,0.0018444099
CAD020,國一N077K,2020-12-10,24.885,121.0889,0.012429402
CAD030,國一S082K,2020-12-10,24.87667,121.0467,0.011101024
CAD040,國一S088K,2020-12-10,24.84444,121.0214,0.0034113796
CAD050,國一N094K,2020-12-10,24.79778,121.0089,0.0032247596
CAD060,國一S098K,2020-12-10,24.76056,120.9911,0.0032247596
CAD070,國三N076K,2020-12-10,24.800303,121.195739,0.02736962
CAD080,國三N085K,2020-12-10,24.78333,121.1211,0.046817638
CAD090,國三S103K,2020-12-10,24.75861,120.9608,0.0030803296
CAD100,西濱N066K,2020-12-10,24.8956,120.9649,0.007788798
CAD110,西濱S082K,2020-12-10,24.751724,120.905028,0.0019889378
CAE010,國一N142K,2020-12-10,24.453119,120.783221,0.08220583
CAE020,國一S114K,2020-12-10,24.668835,120.885811,0.0019889378
CAE030,國一S123K,2020-12-10,24.59594,120.86071,0.013711785
CAE040,國一S132K,2020-12-10,24.524506,120.820831,0.0185933
CAE050,國一S152K,2020-12-10,24.375492,120.749184,0.0067261555
CAE060,國三N119K,2020-12-10,24.675432,120.847389,0.13116693
CAE070,國三N151K,2020-12-10,24.440218,120.681656,0.21823902
CAE080,國三S140K,2020-12-10,24.522345,120.725006,0.09417947
CAE090,國三S156K,2020-12-10,24.39798,120.669487,0.19197023
CAE100,西濱N107K,2020-12-10,24.5958,120.7394,0.03394849
CAE110,西濱S129K,2020-12-10,24.4472,120.6428,0.30355415
CAF010,國一N174K,2020-12-10,24.2049,120.6552,0.10545863
CAF020,國一S162K,2020-12-10,24.295534,120.695976,0.25834426
CAF030,國一S169K,2020-12-10,24.237116,120.688271,0.24613506
CAF040,國一S188K,2020-12-10,24.118546,120.585747,0.730274
CAF050,國三N208K,2020-12-10,24.066147,120.660919,0.730274
CAF060,國三S168K,2020-12-10,24.308519,120.614471,0.28020898
CAF070,國三S173K,2020-12-10,24.27397,120.593079,0.14812693
CAF080,國三S178K,2020-12-10,24.226721,120.589058,0.15910389
CAF090,國四E5K,2020-12-10,24.296465,120.643135,0.19434156
CAF100,西濱N151K,2020-12-10,24.275964,120.547681,0.47825316
CAG010,國一N198K,2020-12-10,24.063889,120.523056,0.70712095
CAG030,國一S207K,2020-12-10,23.988304,120.508092,0.69611675
CAG040,國三N191K,2020-12-10,24.139256,120.5215,0.5158673
CAG050,國三N196K,2020-12-10,24.107155,120.554482,0.7084956
CAG060,國三S202K,2020-12-10,24.092468,120.603256,0.7084956
CAG070,西濱S173K,2020-12-10,24.1081,120.434576,0.7198401
CAG080,西濱S189K,2020-12-10,23.987857,120.369607,0.500634
CAG090,西濱N210K,2020-12-10,23.843536,120.293236,0.6964159
CAG100,王功漁港,2020-12-10,23.96824,120.32586,0.500634
CAH010,國三N223K,2020-12-10,23.955116,120.662376,0.65704584
CAH020,國三S217K,2020-12-10,24.00683,120.653214,0.12896143
CAH030,茶改場竹圍站,2020-12-10,23.860083,120.637528,0.3610168
CAHA00,消防署訓練中心,2020-12-10,23.82137,120.72293,0.6356278
CAJ010,國三N252K,2020-12-10,23.77412,120.64061,0.64143485
CAJ020,國一N234K,2020-12-10,23.74633,120.467926,0.7178303
CAJ030,西濱N222K,2020-12-10,23.737734,120.256132,0.71473646
CAJ040,西濱S241K,2020-12-10,23.623426,120.172646,0.2983761
CAJ050,海口故事園區,2020-12-10,23.57543,120.14121,0.2983761
CAL010,國一N250K,2020-12-10,23.610292,120.436867,0.37473816
CAL020,國一S262K,2020-12-10,23.512333,120.403038,0.31867278
CAL030,國一N268K,2020-12-10,23.460833,120.375833,0.31867278
CAL040,國一N273K,2020-12-10,23.416666,120.355,0.7014566
CAL050,國三N279K,2020-12-10,23.596111,120.523333,0.68260735
CAL060,國三S286K,2020-12-10,23.533917,120.484583,0.6685265
CAL070,國三N295K,2020-12-10,23.468598,120.499369,0.67555195
CAL080,國三N303K,2020-12-10,23.428611,120.452416,0.30853772
CAL090,西濱S257K,2020-12-10,23.502278,120.171861,0.430089
CAL100,西濱S267K,2020-12-10,23.41613,120.162872,0.40966776
CAL110,布袋國中,2020-12-10,23.35893,120.18026,0.25693148
CAN010,國一N288K,2020-12-10,23.30609,120.290033,0.40965414
CAN020,國一S306K,2020-12-10,23.1565,120.239513,0.09508571
CAN030,國一N316K,2020-12-10,23.07309,120.253014,0.15110064
CAN040,國一N323K,2020-12-10,23.00421,120.245922,0.07263083
CAN050,國一N335K,2020-12-10,22.897584,120.269895,0.1442929
CAN060,國三S311K,2020-12-10,23.346388,120.438888,0.7738462
CAN070,國三S329K,2020-12-10,23.212777,120.355833,0.8137177
CAN080,國三N336K,2020-12-10,23.154722,120.345,0.3343786
CAN090,國三S342K,2020-12-10,23.106694,120.327528,0.17853574
CAN100,國三S366K,2020-12-10,22.9077,120.3513,0.71994644
CAN110,西濱S280K,2020-12-10,23.3052,120.14891,0.08992311
CAN120,西濱N304K,2020-12-10,23.103439,120.086694,0.0747311
CAN130,水試所海水繁養殖中心,2020-12-10,23.120802,120.07968,0.07190174
CAN140,六官養殖協會,2020-12-10,23.22881,120.29962,0.28741178
CAP010,國一S342K,2020-12-10,22.845555,120.295,0.100291386
CAP020,國一S346K,2020-12-10,22.812222,120.314166,0.100291386
CAP030,國一N351K,2020-12-10,22.765833,120.328888,0.106229566
CAP040,國一N361K,2020-12-10,22.680555,120.328611,0.10291058
CAP050,國三N372K,2020-12-10,22.858611,120.373611,0.6716014
CAP060,國三S385K,2020-12-10,22.767777,120.444444,0.019877724
CAP070,高雄燈塔,2020-12-10,22.6146,120.2647,0.14247485
CAQ010,國三N425K,2020-12-10,22.480277,120.531666,0.070206314
CAQ020,國三S415K,2020-12-10,22.568,120.528,0.014546949
CAQ030,崎峰國小,2020-12-10,22.42565,120.49521,0.06548946
E2K600,四湖植物園,2020-12-10,23.676986,120.163433,0.7074018
E2P980,林試六龜中心,2020-12-10,22.991703,120.645722,0.09495614
E2S390,太麻里分所,2020-12-10,22.5988,120.9811,0.22286768
E2S960,林試太麻里2,2020-12-10,22.598014,120.989761,0.17860386
E2S980,林試太麻里1,2020-12-10,22.598922,120.980044,0.22286768
G2AI50,關渡,2020-12-10,25.11575,121.492,0.13629587
G2F820,農試所(霧峰),2020-12-10,24.031261,120.688133,0.12896143
G2L020,嘉義分所,2020-12-10,23.485028,120.473806,0.6755523
G2M350,溪口農場,2020-12-10,23.58565,120.408111,0.39774388
G2P820,鳳山園試所,2020-12-10,22.646611,120.356083,0.16965477
K2E360,苗栗農改場,2020-12-10,24.495722,120.829111,0.13082023
K2E710,大湖分場,2020-12-10,24.422861,120.871833,0.08537777
K2F750,種苗改良場,2020-12-10,24.225972,120.800917,0.14791337
U2HA50,臺大竹山,2020-12-10,23.756972,120.681556,0.5296555
V2C250,八德合作社,2020-12-10,24.93775,121.266389,0.04971486
V2C260,八德蔬果,2020-12-10,24.978508,121.281819,0.035128586
V2K610,大庄合作社,2020-12-10,23.8068,120.367939,0.6299984
V2K620,麥寮合作社,2020-12-10,23.753836,120.294783,0.6964159
