站號,站名,日期,lat,lon,BlastOC2
12J990,口湖工作站,2023-12-05,23.589978,120.180394,0.0
12Q970,東港工作站,2023-12-05,22.479997,120.466058,1.0
12Q980,恆春工作站,2023-12-05,22.079678,120.714425,1.0
466881,新北,2023-12-05,24.9593,121.52,1.0
466900,淡水,2023-12-05,25.164889,121.448906,1.0
466920,臺北,2023-12-05,25.037658,121.514853,1.0
466940,基隆,2023-12-05,25.133314,121.740475,0.0
467050,新屋,2023-12-05,25.006744,121.047486,1.0
467270,田中,2023-12-05,23.873803,120.581286,1.0
467300,東吉島,2023-12-05,23.25695,119.667467,0.0
467350,澎湖,2023-12-05,23.565503,119.563094,0.0
467410,臺南,2023-12-05,22.993239,120.204772,1.0
467420,永康,2023-12-05,23.038386,120.2367,1.0
467441,高雄,2023-12-05,22.7304,120.3125,1.0
467480,嘉義,2023-12-05,23.495925,120.432906,1.0
467490,臺中,2023-12-05,24.145736,120.684075,1.0
467571,新竹,2023-12-05,24.827853,121.014219,0.0
467590,恆春,2023-12-05,22.003897,120.746339,0.0
467790,墾丁雷達站,2023-12-05,21.948235,120.808028,0.0
72AI40,桃改樹林分場,2023-12-05,24.944503,121.386972,1.0
72C440,桃園農改,2023-12-05,24.950944,121.030583,0.0
72C440,桃園農改場,2023-12-05,24.950944,121.030583,0.0
72D680,桃改新埔分場,2023-12-05,24.834444,121.066111,0.0
72G600,臺中農改,2023-12-05,24.003028,120.534389,1.0
72G600,臺中農改場,2023-12-05,24.003028,120.534389,1.0
72K220,南改斗南分場,2023-12-05,23.634556,120.477333,1.0
72M360,南改義竹分場,2023-12-05,23.360694,120.279361,1.0
72M700,南改鹿草分場,2023-12-05,23.416869,120.283061,1.0
72N100,臺南農改,2023-12-05,23.0605,120.342194,1.0
72N100,臺南農改場,2023-12-05,23.0605,120.342194,1.0
72N240,七股研究中心,2023-12-05,23.081672,120.062894,1.0
72Q010,高雄農改,2023-12-05,22.709333,120.525889,1.0
72Q010,高雄農改場,2023-12-05,22.709333,120.525889,1.0
72S200,東改班鳩分場,2023-12-05,22.829528,121.077694,1.0
72S590,東改賓朗果園,2023-12-05,22.813889,121.071278,1.0
72T250,花蓮農改,2023-12-05,23.975222,121.563889,1.0
72U480,花改蘭陽分場,2023-12-05,24.686306,121.716583,0.0
72V140,高改旗南分場,2023-12-05,22.857861,120.516667,1.0
82A750,茶改北部分場,2023-12-05,24.955778,121.631222,0.0
82C160,茶改場,2023-12-05,24.908472,121.185333,0.0
82H840,茶改南部分場,2023-12-05,23.762528,120.7405,1.0
82S580,茶改東部分場,2023-12-05,22.907694,121.130139,1.0
A2C560,農工中心,2023-12-05,24.985917,121.239833,1.0
A2K360,水試臺西試驗場,2023-12-05,23.717231,120.190522,0.0
A2K570,古坑花卉中心,2023-12-05,23.63353,120.55239,1.0
A2K630,臺大雲林校區,2023-12-05,23.730628,120.423903,1.0
A2N290,臺南蘭花園區,2023-12-05,23.340258,120.379661,1.0
B2E890,畜試北區分所,2023-12-05,24.527806,120.770972,1.0
B2N890,畜產試驗所,2023-12-05,23.058972,120.336406,1.0
B2N890,畜試所,2023-12-05,23.058972,120.336406,1.0
B2Q810,畜試南區分所,2023-12-05,21.945583,120.802167,0.0
B2U990,畜試東區分所,2023-12-05,24.669039,121.832561,0.0
C0A520,山佳,2023-12-05,24.974944,121.402008,1.0
C0A530,坪林,2023-12-05,24.938183,121.70975,0.0
C0A540,四堵,2023-12-05,24.8926,121.745736,0.0
C0A550,泰平,2023-12-05,24.971197,121.823711,0.0
C0A560,福山,2023-12-05,24.776203,121.502811,0.0
C0A570,桶後,2023-12-05,24.848222,121.597992,0.0
C0A640,石碇,2023-12-05,24.993969,121.662917,0.0
C0A650,火燒寮,2023-12-05,25.002719,121.742892,0.0
C0A660,瑞芳,2023-12-05,25.113169,121.801147,0.0
C0A770,科教館,2023-12-05,25.096356,121.516507,1.0
C0A860,大坪,2023-12-05,25.165914,121.632969,0.0
C0A880,福隆,2023-12-05,25.017842,121.942083,0.0
C0A890,雙溪,2023-12-05,25.036003,121.864242,0.0
C0A920,富貴角,2023-12-05,25.263783,121.565258,0.0
C0A931,三和,2023-12-05,25.233153,121.595236,0.0
C0A940,金山,2023-12-05,25.223628,121.643967,0.0
C0A950,鼻頭角,2023-12-05,25.129036,121.923372,0.0
C0A970,三貂角,2023-12-05,25.007606,122.002058,0.0
C0A980,社子,2023-12-05,25.109508,121.469681,1.0
C0A9C0,天母,2023-12-05,25.117494,121.537169,1.0
C0A9F0,內湖,2023-12-05,25.079422,121.57545,1.0
C0AC60,三峽,2023-12-05,24.939025,121.369728,1.0
C0AC70,信義,2023-12-05,25.037822,121.564597,1.0
C0AC80,文山,2023-12-05,25.00235,121.575728,1.0
C0ACA0,新莊,2023-12-05,25.051478,121.446756,1.0
C0AD00,三芝,2023-12-05,25.258131,121.501917,0.0
C0AD10,八里,2023-12-05,25.150211,121.403947,1.0
C0AD30,蘆洲,2023-12-05,25.086594,121.472331,1.0
C0AD40,土城,2023-12-05,24.973208,121.445169,1.0
C0AD50,鶯歌,2023-12-05,24.951533,121.346294,1.0
C0AG80,中和,2023-12-05,24.991622,121.491792,1.0
C0AH00,汐止,2023-12-05,25.066881,121.658778,1.0
C0AH10,永和,2023-12-05,25.01125,121.508111,1.0
C0AH40,平等,2023-12-05,25.129142,121.577086,0.0
C0AH50,林口,2023-12-05,25.072181,121.38084,0.0
C0AH70,松山,2023-12-05,25.04871,121.55042,1.0
C0AH80,深坑,2023-12-05,25.002703,121.628328,1.0
C0AI00,五股,2023-12-05,25.07445,121.42728,1.0
C0AI10,屈尺,2023-12-05,24.92184,121.54475,0.0
C0AI20,白沙灣,2023-12-05,25.283128,121.519058,0.0
C0AI30,三重,2023-12-05,25.057328,121.500629,1.0
C0AI40,石牌,2023-12-05,25.115597,121.513139,1.0
C0AJ20,野柳,2023-12-05,25.20703,121.690021,0.0
C0AJ30,淡水觀海,2023-12-05,25.184591,121.408616,0.0
C0AJ40,石門,2023-12-05,25.273672,121.601198,0.0
C0AJ50,水湳洞,2023-12-05,25.123695,121.862238,0.0
C0AJ60,六塊厝,2023-12-05,25.24,121.4481,0.0
C0AJ70,田寮,2023-12-05,25.2698,121.4886,0.0
C0AJ80,板橋,2023-12-05,25.0107,121.4489,1.0
C0AJ90,澳底,2023-12-05,25.0552,121.9253,0.0
C0B010,七堵,2023-12-05,25.094819,121.71713,1.0
C0B020,基隆嶼,2023-12-05,25.19141,121.78391,0.0
C0B040,大武崙,2023-12-05,25.166676,121.706993,0.0
C0B050,八斗子,2023-12-05,25.144754,121.79167,0.0
C0B060,暖暖,2023-12-05,25.0957,121.7403,0.0
C0C460,復興,2023-12-05,24.820208,121.352281,0.0
C0C480,桃園,2023-12-05,24.992425,121.323172,1.0
C0C490,八德,2023-12-05,24.928708,121.283289,1.0
C0C590,觀音,2023-12-05,25.027072,121.153317,0.0
C0C620,蘆竹,2023-12-05,25.084275,121.265767,1.0
C0C630,大溪,2023-12-05,24.882853,121.265547,1.0
C0C650,平鎮,2023-12-05,24.897503,121.214636,1.0
C0C660,楊梅,2023-12-05,24.912375,121.143047,1.0
C0C670,龍潭,2023-12-05,24.870056,121.221389,1.0
C0C680,龜山,2023-12-05,25.02846,121.38656,0.0
C0C700,中壢,2023-12-05,24.977661,121.256375,1.0
C0C710,大溪永福,2023-12-05,24.892936,121.324975,1.0
C0C720,竹圍,2023-12-05,25.112692,121.239824,1.0
C0C730,中大臨海站,2023-12-05,24.966126,121.008581,1.0
C0C740,觀音工業區,2023-12-05,25.064764,121.114856,0.0
C0C750,新興坑尾,2023-12-05,25.0061,121.0971,0.0
C0D430,峨眉,2023-12-05,24.6905,121.017189,1.0
C0D480,打鐵坑,2023-12-05,24.849664,121.150789,1.0
C0D540,橫山,2023-12-05,24.71116,121.11693,1.0
C0D560,竹東,2023-12-05,24.767147,121.057881,1.0
C0D580,寶山,2023-12-05,24.735006,121.025192,1.0
C0D590,新豐,2023-12-05,24.87068,120.97721,0.0
C0D650,湖口,2023-12-05,24.904794,121.043628,0.0
C0D660,新竹市東區,2023-12-05,24.798681,120.986942,0.0
C0D670,海天一線,2023-12-05,24.831986,120.914438,0.0
C0D680,香山濕地,2023-12-05,24.783581,120.914988,0.0
C0D690,外湖,2023-12-05,24.917735,120.968711,0.0
C0D700,關西,2023-12-05,24.7977,121.1732,1.0
C0E420,竹南,2023-12-05,24.708978,120.888897,0.0
C0E430,南庄,2023-12-05,24.601775,121.000214,1.0
C0E550,明德,2023-12-05,24.583486,120.885411,1.0
C0E590,通霄,2023-12-05,24.471892,120.704622,0.0
C0E730,頭份,2023-12-05,24.688247,120.912206,0.0
C0E740,造橋,2023-12-05,24.637056,120.864778,0.0
C0E750,苗栗,2023-12-05,24.564569,120.824575,1.0
C0E780,銅鑼,2023-12-05,24.489681,120.790853,1.0
C0E791,卓蘭,2023-12-05,24.3126,120.8244,1.0
C0E810,西湖,2023-12-05,24.562947,120.7485,0.0
C0E820,獅潭,2023-12-05,24.539133,120.920042,1.0
C0E830,苑裡,2023-12-05,24.439714,120.653053,0.0
C0E850,大河,2023-12-05,24.618069,120.948578,1.0
C0E870,高鐵苗栗,2023-12-05,24.60725,120.826094,0.0
C0E910,海埔,2023-12-05,24.648767,120.772435,0.0
C0E920,通霄漁港,2023-12-05,24.498589,120.673876,0.0
C0E930,龍鳳,2023-12-05,24.700034,120.859125,0.0
C0F0B0,石岡,2023-12-05,24.276061,120.777644,1.0
C0F850,東勢,2023-12-05,24.246428,120.833047,1.0
C0F970,大坑,2023-12-05,24.173142,120.722289,1.0
C0F9I0,神岡,2023-12-05,24.272481,120.658314,1.0
C0F9K0,大安,2023-12-05,24.345061,120.588025,0.0
C0F9L0,后里,2023-12-05,24.310436,120.729725,1.0
C0F9M0,豐原,2023-12-05,24.254322,120.720692,1.0
C0F9N0,大里,2023-12-05,24.092464,120.701378,1.0
C0F9O0,潭子,2023-12-05,24.213106,120.703933,1.0
C0F9P0,清水,2023-12-05,24.312297,120.562242,0.0
C0F9Q0,外埔,2023-12-05,24.347817,120.705686,1.0
C0F9R0,龍井,2023-12-05,24.184536,120.528972,0.0
C0F9S0,烏日,2023-12-05,24.107058,120.624103,1.0
C0F9T0,西屯,2023-12-05,24.179494,120.641275,1.0
C0F9U0,南屯,2023-12-05,24.137006,120.637969,1.0
C0F9X0,大雅(中科園區),2023-12-05,24.21528,120.62445,1.0
C0FA10,松柏,2023-12-05,24.429115,120.617482,0.0
C0FA20,溫寮,2023-12-05,24.372177,120.583125,0.0
C0FA30,梧棲,2023-12-05,24.256003,120.523381,0.0
C0FA40,臺中電廠,2023-12-05,24.2146,120.4907,0.0
C0FA50,霧峰,2023-12-05,24.0419,120.6995,1.0
C0G620,芬園,2023-12-05,24.015678,120.6213,1.0
C0G650,員林,2023-12-05,23.946503,120.585597,1.0
C0G660,溪湖,2023-12-05,23.94835,120.479122,1.0
C0G720,溪州,2023-12-05,23.851589,120.499093,1.0
C0G730,二林,2023-12-05,23.903325,120.376081,0.0
C0G740,大城,2023-12-05,23.852487,120.320935,0.0
C0G770,福興,2023-12-05,24.041289,120.437669,0.0
C0G780,秀水,2023-12-05,24.03405,120.503869,1.0
C0G800,埔鹽,2023-12-05,24.000394,120.431683,0.0
C0G810,埔心,2023-12-05,23.947633,120.525456,1.0
C0G820,田尾,2023-12-05,23.901669,120.509389,1.0
C0G830,埤頭,2023-12-05,23.866003,120.452806,1.0
C0G860,社頭,2023-12-05,23.897647,120.5862,1.0
C0G880,二水,2023-12-05,23.810742,120.6173,1.0
C0G890,伸港,2023-12-05,24.148933,120.484403,0.0
C0G900,線西,2023-12-05,24.143358,120.443536,0.0
C0G910,花壇,2023-12-05,24.032076,120.549461,1.0
C0G920,永靖,2023-12-05,23.924703,120.547533,1.0
C0G940,竹塘,2023-12-05,23.848253,120.386764,0.0
C0G950,防潮門,2023-12-05,24.1835,120.4871,0.0
C0G960,福寶,2023-12-05,24.0443,120.3814,0.0
C0G970,三豐,2023-12-05,23.882,120.2895,0.0
C0H890,埔里,2023-12-05,23.972169,120.952425,1.0
C0H960,草屯,2023-12-05,23.973672,120.68085,1.0
C0I110,竹山,2023-12-05,23.761225,120.688156,1.0
C0I360,水里,2023-12-05,23.812553,120.849792,1.0
C0I380,集集,2023-12-05,23.828206,120.801467,1.0
C0I410,名間,2023-12-05,23.837053,120.701447,1.0
C0I420,國姓,2023-12-05,24.037803,120.855072,1.0
C0I460,南投,2023-12-05,23.911469,120.687331,1.0
C0K250,崙背,2023-12-05,23.75555,120.318925,1.0
C0K280,四湖,2023-12-05,23.630414,120.227125,0.0
C0K291,宜梧,2023-12-05,23.536281,120.169329,1.0
C0K330,虎尾,2023-12-05,23.719183,120.442036,1.0
C0K390,土庫,2023-12-05,23.679029,120.395574,1.0
C0K400,斗六,2023-12-05,23.720583,120.541127,1.0
C0K410,北港,2023-12-05,23.573957,120.292802,1.0
C0K420,西螺,2023-12-05,23.800407,120.467394,1.0
C0K430,褒忠,2023-12-05,23.690938,120.303634,1.0
C0K440,二崙,2023-12-05,23.772797,120.408944,1.0
C0K450,大埤,2023-12-05,23.646074,120.431537,1.0
C0K460,斗南,2023-12-05,23.678734,120.478359,1.0
C0K470,林內,2023-12-05,23.748675,120.609642,1.0
C0K480,莿桐,2023-12-05,23.761192,120.502372,1.0
C0K500,元長,2023-12-05,23.64981,120.315024,1.0
C0K510,水林,2023-12-05,23.572924,120.24597,1.0
C0K530,臺西,2023-12-05,23.701547,120.197559,0.0
C0K550,蔦松,2023-12-05,23.514319,120.229736,1.0
C0K560,棋山,2023-12-05,23.68645,120.603417,1.0
C0K580,高鐵雲林,2023-12-05,23.737456,120.417944,1.0
C0K590,雲林東勢,2023-12-05,23.674192,120.255721,1.0
C0K600,箔子寮,2023-12-05,23.6197,120.14,0.0
C0M520,東後寮,2023-12-05,23.369908,120.248065,1.0
C0M640,中埔,2023-12-05,23.42538,120.5229,1.0
C0M650,朴子,2023-12-05,23.43463,120.23902,1.0
C0M660,溪口,2023-12-05,23.604131,120.403569,1.0
C0M670,大林,2023-12-05,23.600616,120.45841,1.0
C0M680,太保,2023-12-05,23.455062,120.331455,1.0
C0M690,水上,2023-12-05,23.419734,120.388909,1.0
C0M700,竹崎,2023-12-05,23.526178,120.555508,1.0
C0M710,東石,2023-12-05,23.458927,120.15385,0.0
C0M720,番路,2023-12-05,23.464657,120.554156,1.0
C0M730,嘉義市東區,2023-12-05,23.457673,120.460531,1.0
C0M740,六腳,2023-12-05,23.492871,120.290625,1.0
C0M750,布袋,2023-12-05,23.380878,120.167789,1.0
C0M760,民雄,2023-12-05,23.551754,120.428457,1.0
C0M770,嘉義梅山,2023-12-05,23.585398,120.555587,1.0
C0M780,鹿草,2023-12-05,23.41134,120.30835,1.0
C0M790,新港,2023-12-05,23.553269,120.345728,1.0
C0M800,茶山,2023-12-05,23.299075,120.664767,1.0
C0M880,好美里,2023-12-05,23.3364,120.138,1.0
C0N010,鯤鯓國小,2023-12-05,23.1879,120.0889,1.0
C0N020,城西,2023-12-05,23.0568,120.0956,1.0
C0N030,四草,2023-12-05,23.0235,120.1116,1.0
C0N040,蘆竹溝,2023-12-05,23.2344,120.0961,1.0
C0N050,蚵寮,2023-12-05,23.301,120.1104,1.0
C0O830,北寮,2023-12-05,23.079561,120.495008,1.0
C0O840,王爺宮,2023-12-05,23.222064,120.40085,1.0
C0O860,大內,2023-12-05,23.11885,120.36083,1.0
C0O900,善化,2023-12-05,23.112883,120.297219,1.0
C0O960,崎頂,2023-12-05,22.959547,120.369317,1.0
C0O970,虎頭埤,2023-12-05,23.021375,120.347878,1.0
C0O980,新市,2023-12-05,23.061614,120.298197,1.0
C0O990,媽廟,2023-12-05,22.99175,120.293525,1.0
C0R150,三地門,2023-12-05,22.709889,120.639944,1.0
C0R160,鹽埔,2023-12-05,22.739558,120.530778,1.0
C0R170,屏東,2023-12-05,22.660269,120.494072,1.0
C0R190,赤山,2023-12-05,22.592333,120.614306,1.0
C0R220,潮州,2023-12-05,22.534361,120.54,1.0
C0R240,來義,2023-12-05,22.527306,120.625111,1.0
C0R260,春日,2023-12-05,22.370361,120.628306,1.0
C0R270,琉球嶼,2023-12-05,22.332244,120.362236,1.0
C0R280,檳榔,2023-12-05,22.076078,120.836777,0.0
C0R320,車城,2023-12-05,22.0744,120.716247,1.0
C0R341,牡丹,2023-12-05,22.130036,120.792639,1.0
C0R350,貓鼻頭,2023-12-05,21.921774,120.7358,0.0
C0R470,高樹,2023-12-05,22.826389,120.600806,1.0
C0R480,長治,2023-12-05,22.693128,120.542622,1.0
C0R490,九如,2023-12-05,22.7405,120.490503,1.0
C0R520,崁頂,2023-12-05,22.514781,120.506914,1.0
C0R540,佳冬,2023-12-05,22.419456,120.552375,1.0
C0R550,新埤,2023-12-05,22.467947,120.582894,1.0
C0R560,新園,2023-12-05,22.5434,120.461558,1.0
C0R570,麟洛,2023-12-05,22.65078,120.52719,1.0
C0R580,南州,2023-12-05,22.48591,120.50274,1.0
C0R590,里港,2023-12-05,22.77919,120.49459,1.0
C0R620,墾雷,2023-12-05,21.900836,120.855269,0.0
C0R640,東港,2023-12-05,22.46247,120.44074,1.0
C0R650,竹田,2023-12-05,22.58486,120.54344,1.0
C0R660,枋寮,2023-12-05,22.367722,120.590647,1.0
C0R670,楓港,2023-12-05,22.190131,120.692156,1.0
C0R680,佳樂水,2023-12-05,21.993578,120.861633,0.0
C0R690,墾丁,2023-12-05,21.966756,120.810269,0.0
C0R700,枋山,2023-12-05,22.246844,120.661086,1.0
C0R710,龍磐,2023-12-05,21.931672,120.838942,0.0
C0R720,旭海,2023-12-05,22.205403,120.887614,0.0
C0R730,大坪頂,2023-12-05,22.024633,120.69355,1.0
C0R740,獅子,2023-12-05,22.201569,120.70525,0.0
C0R760,南仁湖,2023-12-05,22.084681,120.863353,0.0
C0R770,保力,2023-12-05,22.071122,120.764111,1.0
C0R780,滿州,2023-12-05,22.024403,120.839892,0.0
C0R790,九棚,2023-12-05,22.14195,120.889281,1.0
C0R800,丹路,2023-12-05,22.204481,120.750989,0.0
C0R810,內獅,2023-12-05,22.305064,120.642986,1.0
C0R830,高士,2023-12-05,22.121825,120.836781,0.0
C0R850,林邊,2023-12-05,22.4634,120.5339,1.0
C0R860,鼻頭,2023-12-05,22.1043,120.8979,1.0
C0R870,興海,2023-12-05,21.9752,120.8439,0.0
C0R880,後壁湖,2023-12-05,21.9457,120.7457,0.0
C0R890,山海,2023-12-05,21.9878,120.7091,0.0
C0R900,竹坑,2023-12-05,22.1385,120.7022,1.0
C0R910,下寮,2023-12-05,22.3929,120.5548,1.0
C0R920,塭仔,2023-12-05,22.4169,120.5197,1.0
C0R930,萬丹,2023-12-05,22.5885,120.4851,1.0
C0R940,加祿堂,2023-12-05,22.3363,120.6217,1.0
C0S810,東河,2023-12-05,22.972672,121.303986,1.0
C0S890,關山,2023-12-05,23.0395,121.175017,1.0
C0T9E0,大坑,2023-12-05,23.880628,121.581981,0.0
C0V310,美濃,2023-12-05,22.898742,120.519153,1.0
C0V350,溪埔,2023-12-05,22.738578,120.446797,1.0
C0V360,內門,2023-12-05,22.975481,120.466769,1.0
C0V370,古亭坑,2023-12-05,22.893178,120.401947,1.0
C0V400,阿公店,2023-12-05,22.804194,120.355528,1.0
C0V440,鳳山,2023-12-05,22.646653,120.356122,1.0
C0V450,鳳森,2023-12-05,22.545064,120.392592,1.0
C0V490,新興,2023-12-05,22.627422,120.298803,1.0
C0V530,阿蓮,2023-12-05,22.883208,120.327508,1.0
C0V610,梓官,2023-12-05,22.760558,120.267211,1.0
C0V620,永安,2023-12-05,22.82315,120.236856,1.0
C0V630,茄萣,2023-12-05,22.906642,120.182608,1.0
C0V640,湖內,2023-12-05,22.887139,120.2445,1.0
C0V650,彌陀,2023-12-05,22.783806,120.246361,1.0
C0V660,岡山,2023-12-05,22.797078,120.294958,1.0
C0V680,仁武,2023-12-05,22.701083,120.347722,1.0
C0V690,鼓山,2023-12-05,22.623325,120.275575,1.0
C0V700,三民,2023-12-05,22.645017,120.311233,1.0
C0V710,苓雅,2023-12-05,22.622742,120.330669,1.0
C0V720,林園,2023-12-05,22.507747,120.394511,1.0
C0V730,大寮,2023-12-05,22.605614,120.395717,1.0
C0V740,旗山,2023-12-05,22.888614,120.483597,1.0
C0V750,路竹,2023-12-05,22.854997,120.259439,1.0
C0V760,橋頭,2023-12-05,22.757806,120.30575,1.0
C0V770,大社,2023-12-05,22.730306,120.346639,1.0
C0V790,萬山,2023-12-05,22.905944,120.688056,1.0
C0V800,六龜,2023-12-05,22.997889,120.633583,1.0
C0V810,左營,2023-12-05,22.67491,120.28491,1.0
C0V820,小林,2023-12-05,23.148408,120.63325,1.0
C0V840,鳳鼻頭,2023-12-05,22.5083,120.3591,1.0
C0V850,蚵仔寮,2023-12-05,22.7256,120.2527,1.0
C0V860,南寮,2023-12-05,22.7616,120.2339,1.0
C0V870,文安,2023-12-05,22.8025,120.2164,1.0
C0V880,興達,2023-12-05,22.8778,120.2127,1.0
C0V890,前鎮,2023-12-05,22.5718,120.3117,1.0
C0V900,汕尾,2023-12-05,22.4782,120.4151,1.0
C0W200,湖西,2023-12-05,23.596314,119.67275,0.0
C0X050,東河,2023-12-05,23.296598,120.385608,1.0
C0X060,下營,2023-12-05,23.22695,120.256261,1.0
C0X080,佳里,2023-12-05,23.173039,120.145086,1.0
C0X100,臺南市北區,2023-12-05,23.010394,120.194228,1.0
C0X110,臺南市南區,2023-12-05,22.961189,120.188378,1.0
C0X120,麻豆,2023-12-05,23.183289,120.248611,1.0
C0X130,官田,2023-12-05,23.193217,120.315422,1.0
C0X140,西港,2023-12-05,23.125608,120.203108,1.0
C0X150,安定,2023-12-05,23.102614,120.227839,1.0
C0X160,仁德,2023-12-05,22.968258,120.257689,1.0
C0X170,關廟,2023-12-05,22.963017,120.327797,1.0
C0X180,山上,2023-12-05,23.0757,120.363253,1.0
C0X190,安平,2023-12-05,22.993161,120.152181,1.0
C0X200,左鎮,2023-12-05,23.056758,120.408522,1.0
C0X210,白河,2023-12-05,23.347466,120.414427,1.0
C0X220,學甲,2023-12-05,23.230367,120.182187,1.0
C0X230,鹽水,2023-12-05,23.272621,120.247641,1.0
C0X240,關子嶺,2023-12-05,23.331169,120.508025,1.0
C0X250,新營,2023-12-05,23.310689,120.316681,1.0
C0X260,後壁,2023-12-05,23.366358,120.362326,1.0
C0X280,將軍,2023-12-05,23.214999,120.13577,1.0
C0X290,北門,2023-12-05,23.267772,120.125481,1.0
C0X300,鹿寮,2023-12-05,23.386047,120.477331,1.0
C0X310,七股,2023-12-05,23.147289,120.086253,1.0
C0X320,柳營,2023-12-05,23.253328,120.375253,1.0
C2E520,大湖,2023-12-05,24.414939,120.870872,1.0
C2E540,後龍,2023-12-05,24.606489,120.783933,0.0
C2F000,大肚,2023-12-05,24.15295,120.572117,1.0
C2F930,大甲,2023-12-05,24.347667,120.640403,0.0
C2F9A0,中竹林,2023-12-05,24.103556,120.751061,1.0
C2G640,鹿港,2023-12-05,24.0753,120.430481,0.0
C2G840,北斗,2023-12-05,23.877586,120.514222,1.0
C2G870,芳苑,2023-12-05,23.922303,120.320025,0.0
C2H950,中寮,2023-12-05,23.884447,120.766406,1.0
C2M410,馬頭山,2023-12-05,23.324361,120.582017,1.0
C2O810,曾文,2023-12-05,23.219681,120.497328,1.0
C2O930,玉井,2023-12-05,23.126042,120.46055,1.0
C2O950,安南,2023-12-05,23.076694,120.144861,1.0
C2V250,甲仙,2023-12-05,23.080106,120.591758,1.0
C2V260,月眉,2023-12-05,22.971003,120.539853,1.0
C2W230,畜試所澎湖,2023-12-05,23.628342,119.513206,0.0
CAG100,王功漁港,2023-12-05,23.96824,120.32586,0.0
CAH030,茶改場竹圍站,2023-12-05,23.860083,120.637528,1.0
CAJ050,海口故事園區,2023-12-05,23.57543,120.14121,0.0
CAL110,布袋國中,2023-12-05,23.35893,120.18026,1.0
CAN130,水試所海水繁養殖中心,2023-12-05,23.120802,120.07968,1.0
CAN140,六官養殖協會,2023-12-05,23.22881,120.29962,1.0
CAQ030,崎峰國小,2023-12-05,22.42565,120.49521,1.0
E2K600,四湖植物園,2023-12-05,23.676986,120.163433,0.0
E2P980,林試六龜中心,2023-12-05,22.991703,120.645722,1.0
E2S960,林試太麻里2,2023-12-05,22.598014,120.989761,1.0
E2S960,林試太麻里2,2023-12-05,22.598,120.99775,1.0
E2S980,林試太麻里1,2023-12-05,22.598922,120.980044,1.0
G2AI50,關渡,2023-12-05,25.11575,121.492,1.0
G2F820,農業試驗所,2023-12-05,24.031261,120.688133,1.0
G2F820,農試所(霧峰),2023-12-05,24.031261,120.688133,1.0
G2L020,農試嘉義分所,2023-12-05,23.485028,120.473806,1.0
G2M350,農試溪口農場,2023-12-05,23.58565,120.408111,1.0
G2P820,農試鳳山分所,2023-12-05,22.646611,120.356083,1.0
K2E360,苗栗農改,2023-12-05,24.495722,120.829111,1.0
K2E360,苗栗農改場,2023-12-05,24.495722,120.829111,1.0
K2E710,苗改生物防治研究中心,2023-12-05,24.422861,120.871833,1.0
K2F750,種苗改良場,2023-12-05,24.225972,120.800917,1.0
K2F750,種苗繁殖,2023-12-05,24.225972,120.800917,1.0
U2HA50,臺大竹山,2023-12-05,23.756972,120.681556,1.0
V2C250,八德合作社,2023-12-05,24.93775,121.266389,1.0
V2C260,八德蔬果,2023-12-05,24.978508,121.281819,1.0
V2K610,大庄合作社,2023-12-05,23.8068,120.367939,1.0
V2K620,麥寮合作社,2023-12-05,23.753836,120.294783,1.0
466990,花蓮,2023-12-05,23.975128,121.613275,1.0
467080,宜蘭,2023-12-05,24.763975,121.756528,0.0
467540,大武,2023-12-05,22.355675,120.903789,1.0
467610,成功,2023-12-05,23.097486,121.373428,1.0
467620,蘭嶼,2023-12-05,22.036969,121.558339,0.0
467660,臺東,2023-12-05,22.752211,121.154586,1.0
72T250,花蓮農改場,2023-12-05,23.975222,121.563889,1.0
C0S710,鹿野,2023-12-05,22.917711,121.122994,1.0
C0S730,綠島,2023-12-05,22.6672,121.47533,0.0
C0S740,池上,2023-12-05,23.119628,121.209469,1.0
C0S770,大溪山,2023-12-05,22.478475,120.943325,0.0
C0S790,金崙,2023-12-05,22.538122,120.966875,1.0
C0S830,長濱,2023-12-05,23.286817,121.411975,0.0
C0S840,南田,2023-12-05,22.279725,120.889208,0.0
C0S900,蘭嶼高中,2023-12-05,22.04909,121.51214,0.0
C0S910,蘭嶼燈塔,2023-12-05,22.081197,121.503117,0.0
C0S920,金峰嘉蘭,2023-12-05,22.594789,120.960825,1.0
C0S930,延平,2023-12-05,22.902581,121.084058,1.0
C0S940,石寧山,2023-12-05,23.223772,121.406639,1.0
C0S950,七塊厝,2023-12-05,22.954453,121.229922,1.0
C0S960,香蘭,2023-12-05,22.587569,120.993375,1.0
C0S970,加津林,2023-12-05,22.416211,120.926942,1.0
C0S990,山豬窟,2023-12-05,22.318619,120.857372,0.0
C0SA00,歷坵,2023-12-05,22.520969,120.89185,0.0
C0SA10,檳榔四格山,2023-12-05,22.810031,121.109308,1.0
C0SA30,都歷,2023-12-05,23.020333,121.323642,1.0
C0SA40,瑞和,2023-12-05,22.974361,121.156697,1.0
C0SA60,知本（水試所）,2023-12-05,22.702394,121.082761,1.0
C0SA80,土坂,2023-12-05,22.453108,120.887572,1.0
C0SA90,達仁林場,2023-12-05,22.264347,120.823972,0.0
C0T870,鯉魚潭,2023-12-05,23.935639,121.508944,0.0
C0T900,西林,2023-12-05,23.8119,121.441458,0.0
C0T960,光復,2023-12-05,23.660694,121.424964,1.0
C0T9A0,月眉山,2023-12-05,23.809928,121.539828,0.0
C0T9D0,和中,2023-12-05,24.26676,121.74103,1.0
C0T9F0,水璉,2023-12-05,23.797131,121.542514,0.0
C0T9I0,豐濱,2023-12-05,23.583897,121.514806,1.0
C0T9M0,靜浦,2023-12-05,23.455167,121.495028,1.0
C0T9N0,富里,2023-12-05,23.171639,121.249378,0.0
C0U600,礁溪,2023-12-05,24.817539,121.765608,0.0
C0U650,玉蘭,2023-12-05,24.675286,121.587061,0.0
C0U750,龜山島,2023-12-05,24.841667,121.953133,0.0
C0U760,東澳,2023-12-05,24.52196,121.83318,0.0
C0U770,南澳,2023-12-05,24.44935,121.81022,0.0
C0U780,五結,2023-12-05,24.68637,121.79794,0.0
C0U860,頭城,2023-12-05,24.85323,121.8308,0.0
C0U870,大礁溪,2023-12-05,24.791042,121.675047,0.0
C0U880,北關,2023-12-05,24.9072,121.8734,0.0
C0U890,三星,2023-12-05,24.66812,121.65302,0.0
C0U900,內城,2023-12-05,24.71813,121.68766,0.0
C0U910,冬山,2023-12-05,24.63373,121.7937,0.0
C0U940,羅東,2023-12-05,24.68184,121.74934,0.0
C0U970,大福,2023-12-05,24.80064,121.81389,0.0
C0U990,員山,2023-12-05,24.74435,121.72247,0.0
C0UA00,土場,2023-12-05,24.576533,121.495333,0.0
C0UA80,大溪漁港,2023-12-05,24.941801,121.902955,0.0
C0UA90,石城,2023-12-05,24.980444,121.951214,0.0
C0UB00,淡江大學蘭陽校園,2023-12-05,24.823239,121.730383,0.0
C0UB10,蘇澳,2023-12-05,24.5969,121.8571,0.0
C0UB20,壯圍,2023-12-05,24.7359,121.8163,0.0
C0Z020,明里,2023-12-05,23.208717,121.262342,1.0
C0Z061,玉里,2023-12-05,23.3215,121.339656,1.0
C0Z070,舞鶴,2023-12-05,23.46811,121.37407,0.0
C0Z080,富源,2023-12-05,23.587642,121.378225,0.0
C0Z100,東華,2023-12-05,23.89525,121.549833,1.0
C0Z150,吉安光華,2023-12-05,23.930925,121.595153,1.0
C0Z160,鳳林,2023-12-05,23.746114,121.453411,0.0
C0Z170,卓溪,2023-12-05,23.3443,121.3029,1.0
C0Z180,新城,2023-12-05,24.03946,121.60454,1.0
C0Z190,富世,2023-12-05,24.14743,121.6297,0.0
C0Z200,萬榮,2023-12-05,23.709219,121.420106,0.0
C0Z210,瑞穗,2023-12-05,23.5239,121.39021,1.0
C0Z230,和平,2023-12-05,24.30717,121.77007,1.0
C0Z270,蕃薯寮,2023-12-05,23.73835,121.540108,0.0
C0Z280,德武,2023-12-05,23.47426,121.41071,1.0
C0Z300,東里,2023-12-05,23.26853,121.30547,1.0
C0Z310,清水斷崖,2023-12-05,24.218294,121.689142,0.0
C0Z330,安通山,2023-12-05,23.290728,121.348528,0.0
