站號,站名,日期,lat,lon,BlastTF
12J990,口湖工作站,2024-10-11,23.589978,120.180394,0.6184
12Q970,東港工作站,2024-10-11,22.479997,120.466058,0.6129
12Q980,恆春工作站,2024-10-11,22.079678,120.714425,0.6696
466881,新北,2024-10-11,24.9593,121.52,0.6262
466900,淡水,2024-10-11,25.164889,121.448906,0.6003
466920,臺北,2024-10-11,25.037658,121.514853,0.5775
466940,基隆,2024-10-11,25.133314,121.740475,0.6123
466990,花蓮,2024-10-11,23.975128,121.613275,0.6629
467050,新屋,2024-10-11,25.006744,121.047486,0.5982
467080,宜蘭,2024-10-11,24.763975,121.756528,0.6232
467270,田中,2024-10-11,23.873803,120.581286,0.6738
467280,後龍,2024-10-11,24.648563,120.831834,0.6623
467290,古坑,2024-10-11,23.633639,120.551889,0.6455
467300,東吉島,2024-10-11,23.25695,119.667467,0.6079
467350,澎湖,2024-10-11,23.565503,119.563094,0.6379
467410,臺南,2024-10-11,22.993239,120.204772,0.5895
467420,永康,2024-10-11,23.038386,120.2367,0.5582
467441,高雄,2024-10-11,22.7304,120.3125,0.6204
467480,嘉義,2024-10-11,23.495925,120.432906,0.6309
467490,臺中,2024-10-11,24.145736,120.684075,0.673
467540,大武,2024-10-11,22.355675,120.903789,0.6494
467571,新竹,2024-10-11,24.827853,121.014219,0.6402
467590,恆春,2024-10-11,22.003897,120.746339,0.6413
467610,成功,2024-10-11,23.097486,121.373428,0.5726
467620,蘭嶼,2024-10-11,22.036969,121.558339,0.7308
467660,臺東,2024-10-11,22.752211,121.154586,0.6522
467790,墾丁雷達站,2024-10-11,21.948235,120.808028,0.6682
72AI40,桃改樹林分場,2024-10-11,24.944503,121.386972,0.6652
72C440,桃園農改,2024-10-11,24.950944,121.030583,0.6066
72C440,桃園農改場,2024-10-11,24.950944,121.030583,0.6066
72D680,桃改新埔分場,2024-10-11,24.834444,121.066111,0.6308
72G600,臺中農改,2024-10-11,24.003028,120.534389,0.6844
72G600,臺中農改場,2024-10-11,24.003028,120.534389,0.6844
72K220,南改斗南分場,2024-10-11,23.634556,120.477333,0.6561
72M360,南改義竹分場,2024-10-11,23.360694,120.279361,0.6363
72M700,南改鹿草分場,2024-10-11,23.416869,120.283061,0.6218
72N100,臺南農改,2024-10-11,23.0605,120.342194,0.6039
72N100,臺南農改場,2024-10-11,23.0605,120.342194,0.6039
72N240,七股研究中心,2024-10-11,23.081672,120.062894,0.6151
72Q010,高雄農改,2024-10-11,22.709333,120.525889,0.6101
72Q010,高雄農改場,2024-10-11,22.709333,120.525889,0.6101
72S200,東改班鳩分場,2024-10-11,22.829528,121.077694,0.6197
72S590,東改賓朗果園,2024-10-11,22.813889,121.071278,0.6228
72T250,花蓮農改,2024-10-11,23.975222,121.563889,0.6639
72T250,花蓮農改場,2024-10-11,23.975222,121.563889,0.6639
72U480,花改蘭陽分場,2024-10-11,24.686306,121.716583,0.5863
72V140,高改旗南分場,2024-10-11,22.857861,120.516667,0.5854
82A750,茶改北部分場,2024-10-11,24.955778,121.631222,0.6112
82C160,茶改場,2024-10-11,24.908472,121.185333,0.6536
82H840,茶改南部分場,2024-10-11,23.762528,120.7405,0.7482
82S580,茶改東部分場,2024-10-11,22.907694,121.130139,0.6337
A2C560,農工中心,2024-10-11,24.985917,121.239833,0.6304
A2K360,水試臺西試驗場,2024-10-11,23.717231,120.190522,0.6295
A2K570,古坑花卉中心,2024-10-11,23.63353,120.55239,0.6455
A2K630,臺大雲林校區,2024-10-11,23.730628,120.423903,0.6721
A2N290,臺南蘭花園區,2024-10-11,23.340258,120.379661,0.6427
B2E890,畜試北區分所,2024-10-11,24.527806,120.770972,0.6933
B2N890,畜產試驗所,2024-10-11,23.058972,120.336406,0.6049
B2N890,畜試所,2024-10-11,23.058972,120.336406,0.6049
B2Q810,畜試南區分所,2024-10-11,21.945583,120.802167,0.666
B2U990,畜試東區分所,2024-10-11,24.669039,121.832561,0.5832
C0A520,山佳,2024-10-11,24.974944,121.402008,0.6139
C0A530,坪林,2024-10-11,24.938183,121.70975,0.5649
C0A550,泰平,2024-10-11,24.971197,121.823711,0.5691
C0A570,桶後,2024-10-11,24.848222,121.597992,0.6058
C0A640,石碇,2024-10-11,24.993969,121.662917,0.6096
C0A770,科教館,2024-10-11,25.096356,121.516507,0.5761
C0A860,大坪,2024-10-11,25.165914,121.632969,0.5776
C0A890,雙溪,2024-10-11,25.036003,121.864242,0.5703
C0A931,三和,2024-10-11,25.233153,121.595236,0.5306
C0A940,金山,2024-10-11,25.223628,121.643967,0.5933
C0A950,鼻頭角,2024-10-11,25.129036,121.923372,0.6138
C0A970,三貂角,2024-10-11,25.007606,122.002058,0.5479
C0A980,社子,2024-10-11,25.109508,121.469681,0.5992
C0A9C0,天母,2024-10-11,25.117494,121.537169,0.5985
C0A9F0,內湖,2024-10-11,25.079422,121.57545,0.5775
C0AC60,三峽,2024-10-11,24.939025,121.369728,0.6666
C0AC70,信義,2024-10-11,25.037822,121.564597,0.5775
C0AC80,文山,2024-10-11,25.00235,121.575728,0.629
C0ACA0,新莊,2024-10-11,25.051478,121.446756,0.5688
C0AD10,八里,2024-10-11,25.150211,121.403947,0.5892
C0AD30,蘆洲,2024-10-11,25.086594,121.472331,0.5759
C0AD40,土城,2024-10-11,24.973208,121.445169,0.6277
C0AD50,鶯歌,2024-10-11,24.951533,121.346294,0.6667
C0AG80,中和,2024-10-11,24.991622,121.491792,0.6277
C0AH00,汐止,2024-10-11,25.066881,121.658778,0.5775
C0AH10,永和,2024-10-11,25.01125,121.508111,0.6264
C0AH40,平等,2024-10-11,25.129142,121.577086,0.5823
C0AH50,林口,2024-10-11,25.072181,121.38084,0.5381
C0AH70,松山,2024-10-11,25.04871,121.55042,0.5775
C0AH80,深坑,2024-10-11,25.002703,121.628328,0.6295
C0AI00,五股,2024-10-11,25.07445,121.42728,0.5852
C0AI10,屈尺,2024-10-11,24.92184,121.54475,0.6131
C0AI20,白沙灣,2024-10-11,25.283128,121.519058,0.5942
C0AI30,三重,2024-10-11,25.057328,121.500629,0.5764
C0AI40,石牌,2024-10-11,25.115597,121.513139,0.5995
C0AJ20,野柳,2024-10-11,25.20703,121.690021,0.5707
C0AJ30,淡水觀海,2024-10-11,25.184591,121.408616,0.5802
C0AJ40,石門,2024-10-11,25.273672,121.601198,0.529
C0AJ50,水湳洞,2024-10-11,25.123695,121.862238,0.5546
C0AJ60,六塊厝,2024-10-11,25.24,121.4481,0.5942
C0AJ70,田寮,2024-10-11,25.2698,121.4886,0.594
C0AJ80,板橋,2024-10-11,25.0107,121.4489,0.6264
C0AJ90,澳底,2024-10-11,25.0552,121.9253,0.5662
C0B010,七堵,2024-10-11,25.094819,121.71713,0.5972
C0B020,基隆嶼,2024-10-11,25.19141,121.78391,0.6372
C0B040,大武崙,2024-10-11,25.166676,121.706993,0.6141
C0B050,八斗子,2024-10-11,25.144754,121.79167,0.6119
C0B060,暖暖,2024-10-11,25.0957,121.7403,0.6
C0C460,復興,2024-10-11,24.820208,121.352281,0.7274
C0C480,桃園,2024-10-11,24.992425,121.323172,0.6354
C0C490,八德,2024-10-11,24.928708,121.283289,0.7025
C0C590,觀音,2024-10-11,25.027072,121.153317,0.6119
C0C620,蘆竹,2024-10-11,25.084275,121.265767,0.6199
C0C630,大溪,2024-10-11,24.882853,121.265547,0.6629
C0C650,平鎮,2024-10-11,24.897503,121.214636,0.7063
C0C660,楊梅,2024-10-11,24.912375,121.143047,0.6512
C0C670,龍潭,2024-10-11,24.870056,121.221389,0.6655
C0C680,龜山,2024-10-11,25.02846,121.38656,0.6529
C0C700,中壢,2024-10-11,24.977661,121.256375,0.6407
C0C710,大溪永福,2024-10-11,24.892936,121.324975,0.6662
C0C720,竹圍,2024-10-11,25.112692,121.239824,0.6201
C0C730,中大臨海站,2024-10-11,24.966126,121.008581,0.5973
C0C740,觀音工業區,2024-10-11,25.064764,121.114856,0.6045
C0C750,新興坑尾,2024-10-11,25.0061,121.0971,0.6062
C0D430,峨眉,2024-10-11,24.6905,121.017189,0.6424
C0D480,打鐵坑,2024-10-11,24.849664,121.150789,0.6666
C0D540,橫山,2024-10-11,24.71116,121.11693,0.6794
C0D560,竹東,2024-10-11,24.767147,121.057881,0.6734
C0D580,寶山,2024-10-11,24.735006,121.025192,0.6651
C0D590,新豐,2024-10-11,24.87068,120.97721,0.6853
C0D650,湖口,2024-10-11,24.904794,121.043628,0.6354
C0D660,新竹市東區,2024-10-11,24.798681,120.986942,0.6565
C0D670,海天一線,2024-10-11,24.831986,120.914438,0.6516
C0D680,香山濕地,2024-10-11,24.783581,120.914988,0.6546
C0D690,外湖,2024-10-11,24.917735,120.968711,0.6311
C0D700,關西,2024-10-11,24.7977,121.1732,0.6846
C0E420,竹南,2024-10-11,24.708978,120.888897,0.6664
C0E430,南庄,2024-10-11,24.601775,121.000214,0.6515
C0E550,明德,2024-10-11,24.583486,120.885411,0.6885
C0E590,通霄,2024-10-11,24.471892,120.704622,0.6977
C0E730,頭份,2024-10-11,24.688247,120.912206,0.6673
C0E740,造橋,2024-10-11,24.637056,120.864778,0.6615
C0E750,苗栗,2024-10-11,24.564569,120.824575,0.6875
C0E780,銅鑼,2024-10-11,24.489681,120.790853,0.7007
C0E791,卓蘭,2024-10-11,24.3126,120.8244,0.6601
C0E810,西湖,2024-10-11,24.562947,120.7485,0.6558
C0E820,獅潭,2024-10-11,24.539133,120.920042,0.6511
C0E830,苑裡,2024-10-11,24.439714,120.653053,0.6678
C0E850,大河,2024-10-11,24.618069,120.948578,0.6566
C0E870,高鐵苗栗,2024-10-11,24.60725,120.826094,0.6609
C0E910,海埔,2024-10-11,24.648767,120.772435,0.6299
C0E920,通霄漁港,2024-10-11,24.498589,120.673876,0.6785
C0E930,龍鳳,2024-10-11,24.700034,120.859125,0.6648
C0F0B0,石岡,2024-10-11,24.276061,120.777644,0.6706
C0F850,東勢,2024-10-11,24.246428,120.833047,0.6597
C0F970,大坑,2024-10-11,24.173142,120.722289,0.6794
C0F9I0,神岡,2024-10-11,24.272481,120.658314,0.6924
C0F9K0,大安,2024-10-11,24.345061,120.588025,0.6876
C0F9L0,后里,2024-10-11,24.310436,120.729725,0.6677
C0F9M0,豐原,2024-10-11,24.254322,120.720692,0.6658
C0F9N0,大里,2024-10-11,24.092464,120.701378,0.6617
C0F9O0,潭子,2024-10-11,24.213106,120.703933,0.6609
C0F9P0,清水,2024-10-11,24.312297,120.562242,0.7039
C0F9Q0,外埔,2024-10-11,24.347817,120.705686,0.6972
C0F9R0,龍井,2024-10-11,24.184536,120.528972,0.7212
C0F9S0,烏日,2024-10-11,24.107058,120.624103,0.6594
C0F9T0,西屯,2024-10-11,24.179494,120.641275,0.7114
C0F9U0,南屯,2024-10-11,24.137006,120.637969,0.7105
C0F9X0,大雅(中科園區),2024-10-11,24.21528,120.62445,0.6875
C0FA10,松柏,2024-10-11,24.429115,120.617482,0.6735
C0FA20,溫寮,2024-10-11,24.372177,120.583125,0.6883
C0FA30,梧棲,2024-10-11,24.256003,120.523381,0.7039
C0FA40,臺中電廠,2024-10-11,24.2146,120.4907,0.6999
C0FA50,霧峰,2024-10-11,24.0419,120.6995,0.6144
C0G620,芬園,2024-10-11,24.015678,120.6213,0.6177
C0G650,員林,2024-10-11,23.946503,120.585597,0.6477
C0G660,溪湖,2024-10-11,23.94835,120.479122,0.6722
C0G720,溪州,2024-10-11,23.851589,120.499093,0.6877
C0G730,二林,2024-10-11,23.903325,120.376081,0.7072
C0G740,大城,2024-10-11,23.852487,120.320935,0.7014
C0G770,福興,2024-10-11,24.041289,120.437669,0.7089
C0G780,秀水,2024-10-11,24.03405,120.503869,0.6858
C0G800,埔鹽,2024-10-11,24.000394,120.431683,0.7087
C0G810,埔心,2024-10-11,23.947633,120.525456,0.6737
C0G820,田尾,2024-10-11,23.901669,120.509389,0.6887
C0G830,埤頭,2024-10-11,23.866003,120.452806,0.6883
C0G860,社頭,2024-10-11,23.897647,120.5862,0.6733
C0G880,二水,2024-10-11,23.810742,120.6173,0.6833
C0G890,伸港,2024-10-11,24.148933,120.484403,0.7111
C0G900,線西,2024-10-11,24.143358,120.443536,0.7107
C0G910,花壇,2024-10-11,24.032076,120.549461,0.6867
C0G920,永靖,2024-10-11,23.924703,120.547533,0.6887
C0G940,竹塘,2024-10-11,23.848253,120.386764,0.6956
C0G950,防潮門,2024-10-11,24.1835,120.4871,0.7212
C0G960,福寶,2024-10-11,24.0443,120.3814,0.7048
C0G970,三豐,2024-10-11,23.882,120.2895,0.6791
C0H890,埔里,2024-10-11,23.972169,120.952425,0.7244
C0H960,草屯,2024-10-11,23.973672,120.68085,0.6186
C0I110,竹山,2024-10-11,23.761225,120.688156,0.6923
C0I360,水里,2024-10-11,23.812553,120.849792,0.7387
C0I380,集集,2024-10-11,23.828206,120.801467,0.7369
C0I410,名間,2024-10-11,23.837053,120.701447,0.6808
C0I420,國姓,2024-10-11,24.037803,120.855072,0.6948
C0I460,南投,2024-10-11,23.911469,120.687331,0.676
C0K250,崙背,2024-10-11,23.75555,120.318925,0.6737
C0K280,四湖,2024-10-11,23.630414,120.227125,0.6356
C0K291,宜梧,2024-10-11,23.536281,120.169329,0.644
C0K330,虎尾,2024-10-11,23.719183,120.442036,0.6705
C0K390,土庫,2024-10-11,23.679029,120.395574,0.6896
C0K400,斗六,2024-10-11,23.720583,120.541127,0.6462
C0K410,北港,2024-10-11,23.573957,120.292802,0.6408
C0K420,西螺,2024-10-11,23.800407,120.467394,0.6746
C0K430,褒忠,2024-10-11,23.690938,120.303634,0.6421
C0K440,二崙,2024-10-11,23.772797,120.408944,0.6759
C0K450,大埤,2024-10-11,23.646074,120.431537,0.6681
C0K460,斗南,2024-10-11,23.678734,120.478359,0.6561
C0K470,林內,2024-10-11,23.748675,120.609642,0.6587
C0K480,莿桐,2024-10-11,23.761192,120.502372,0.6628
C0K500,元長,2024-10-11,23.64981,120.315024,0.6675
C0K510,水林,2024-10-11,23.572924,120.24597,0.6405
C0K530,臺西,2024-10-11,23.701547,120.197559,0.6287
C0K550,蔦松,2024-10-11,23.514319,120.229736,0.644
C0K560,棋山,2024-10-11,23.68645,120.603417,0.6463
C0K580,高鐵雲林,2024-10-11,23.737456,120.417944,0.6721
C0K590,雲林東勢,2024-10-11,23.674192,120.255721,0.6548
C0K600,箔子寮,2024-10-11,23.6197,120.14,0.6184
C0M520,東後寮,2024-10-11,23.369908,120.248065,0.6363
C0M640,中埔,2024-10-11,23.42538,120.5229,0.6233
C0M650,朴子,2024-10-11,23.43463,120.23902,0.6218
C0M660,溪口,2024-10-11,23.604131,120.403569,0.6539
C0M670,大林,2024-10-11,23.600616,120.45841,0.6428
C0M680,太保,2024-10-11,23.455062,120.331455,0.6557
C0M690,水上,2024-10-11,23.419734,120.388909,0.649
C0M700,竹崎,2024-10-11,23.526178,120.555508,0.6697
C0M710,東石,2024-10-11,23.458927,120.15385,0.6618
C0M720,番路,2024-10-11,23.464657,120.554156,0.6292
C0M730,嘉義市東區,2024-10-11,23.457673,120.460531,0.6361
C0M740,六腳,2024-10-11,23.492871,120.290625,0.6333
C0M750,布袋,2024-10-11,23.380878,120.167789,0.6449
C0M760,民雄,2024-10-11,23.551754,120.428457,0.6481
C0M770,嘉義梅山,2024-10-11,23.585398,120.555587,0.6643
C0M780,鹿草,2024-10-11,23.41134,120.30835,0.6217
C0M790,新港,2024-10-11,23.553269,120.345728,0.6689
C0M800,茶山,2024-10-11,23.299075,120.664767,0.6579
C0M880,好美里,2024-10-11,23.3364,120.138,0.6475
C0N010,鯤鯓國小,2024-10-11,23.1879,120.0889,0.6189
C0N020,城西,2024-10-11,23.0568,120.0956,0.589
C0N030,四草,2024-10-11,23.0235,120.1116,0.5871
C0N040,蘆竹溝,2024-10-11,23.2344,120.0961,0.6183
C0N050,蚵寮,2024-10-11,23.301,120.1104,0.6077
C0O830,北寮,2024-10-11,23.079561,120.495008,0.6222
C0O840,王爺宮,2024-10-11,23.222064,120.40085,0.6365
C0O860,大內,2024-10-11,23.11885,120.36083,0.6135
C0O900,善化,2024-10-11,23.112883,120.297219,0.5871
C0O960,崎頂,2024-10-11,22.959547,120.369317,0.6278
C0O970,虎頭埤,2024-10-11,23.021375,120.347878,0.6156
C0O980,新市,2024-10-11,23.061614,120.298197,0.5506
C0O990,媽廟,2024-10-11,22.99175,120.293525,0.56
C0R150,三地門,2024-10-11,22.709889,120.639944,0.6183
C0R160,鹽埔,2024-10-11,22.739558,120.530778,0.6101
C0R170,屏東,2024-10-11,22.660269,120.494072,0.6138
C0R190,赤山,2024-10-11,22.592333,120.614306,0.6258
C0R220,潮州,2024-10-11,22.534361,120.54,0.5989
C0R240,來義,2024-10-11,22.527306,120.625111,0.6367
C0R260,春日,2024-10-11,22.370361,120.628306,0.6156
C0R270,琉球嶼,2024-10-11,22.332244,120.362236,0.6703
C0R280,檳榔,2024-10-11,22.076078,120.836777,0.6277
C0R320,車城,2024-10-11,22.0744,120.716247,0.6696
C0R341,牡丹,2024-10-11,22.130036,120.792639,0.6298
C0R350,貓鼻頭,2024-10-11,21.921774,120.7358,0.7313
C0R470,高樹,2024-10-11,22.826389,120.600806,0.5929
C0R480,長治,2024-10-11,22.693128,120.542622,0.6447
C0R490,九如,2024-10-11,22.7405,120.490503,0.6088
C0R520,崁頂,2024-10-11,22.514781,120.506914,0.5988
C0R540,佳冬,2024-10-11,22.419456,120.552375,0.6127
C0R550,新埤,2024-10-11,22.467947,120.582894,0.6489
C0R560,新園,2024-10-11,22.5434,120.461558,0.6007
C0R570,麟洛,2024-10-11,22.65078,120.52719,0.6138
C0R580,南州,2024-10-11,22.48591,120.50274,0.6129
C0R590,里港,2024-10-11,22.77919,120.49459,0.6113
C0R620,墾雷,2024-10-11,21.900836,120.855269,0.7421
C0R640,東港,2024-10-11,22.46247,120.44074,0.6129
C0R650,竹田,2024-10-11,22.58486,120.54344,0.622
C0R660,枋寮,2024-10-11,22.367722,120.590647,0.6133
C0R670,楓港,2024-10-11,22.190131,120.692156,0.6469
C0R680,佳樂水,2024-10-11,21.993578,120.861633,0.6665
C0R690,墾丁,2024-10-11,21.966756,120.810269,0.663
C0R700,枋山,2024-10-11,22.246844,120.661086,0.6494
C0R710,龍磐,2024-10-11,21.931672,120.838942,0.7219
C0R720,旭海,2024-10-11,22.205403,120.887614,0.6415
C0R730,大坪頂,2024-10-11,22.024633,120.69355,0.6673
C0R740,獅子,2024-10-11,22.201569,120.70525,0.6335
C0R760,南仁湖,2024-10-11,22.084681,120.863353,0.6326
C0R770,保力,2024-10-11,22.071122,120.764111,0.6628
C0R780,滿州,2024-10-11,22.024403,120.839892,0.6421
C0R790,九棚,2024-10-11,22.14195,120.889281,0.6426
C0R800,丹路,2024-10-11,22.204481,120.750989,0.6343
C0R810,內獅,2024-10-11,22.305064,120.642986,0.6302
C0R830,高士,2024-10-11,22.121825,120.836781,0.6239
C0R850,林邊,2024-10-11,22.4634,120.5339,0.6139
C0R860,鼻頭,2024-10-11,22.1043,120.8979,0.6425
C0R870,興海,2024-10-11,21.9752,120.8439,0.666
C0R880,後壁湖,2024-10-11,21.9457,120.7457,0.6923
C0R890,山海,2024-10-11,21.9878,120.7091,0.6941
C0R900,竹坑,2024-10-11,22.1385,120.7022,0.6707
C0R910,下寮,2024-10-11,22.3929,120.5548,0.6133
C0R920,塭仔,2024-10-11,22.4169,120.5197,0.6127
C0R930,萬丹,2024-10-11,22.5885,120.4851,0.614
C0R940,加祿堂,2024-10-11,22.3363,120.6217,0.6087
C0S710,鹿野,2024-10-11,22.917711,121.122994,0.5995
C0S730,綠島,2024-10-11,22.6672,121.47533,0.7171
C0S740,池上,2024-10-11,23.119628,121.209469,0.5883
C0S770,大溪山,2024-10-11,22.478475,120.943325,0.6062
C0S790,金崙,2024-10-11,22.538122,120.966875,0.6062
C0S810,東河,2024-10-11,22.972672,121.303986,0.6041
C0S830,長濱,2024-10-11,23.286817,121.411975,0.6154
C0S840,南田,2024-10-11,22.279725,120.889208,0.6526
C0S890,關山,2024-10-11,23.0395,121.175017,0.6299
C0S900,蘭嶼高中,2024-10-11,22.04909,121.51214,0.7126
C0S910,蘭嶼燈塔,2024-10-11,22.081197,121.503117,0.7169
C0S920,金峰嘉蘭,2024-10-11,22.594789,120.960825,0.5736
C0S930,延平,2024-10-11,22.902581,121.084058,0.6374
C0S940,石寧山,2024-10-11,23.223772,121.406639,0.5967
C0S950,七塊厝,2024-10-11,22.954453,121.229922,0.6116
C0S960,香蘭,2024-10-11,22.587569,120.993375,0.5695
C0S970,加津林,2024-10-11,22.416211,120.926942,0.6501
C0S990,山豬窟,2024-10-11,22.318619,120.857372,0.6377
C0SA00,歷坵,2024-10-11,22.520969,120.89185,0.5889
C0SA10,檳榔四格山,2024-10-11,22.810031,121.109308,0.6397
C0SA30,都歷,2024-10-11,23.020333,121.323642,0.6176
C0SA40,瑞和,2024-10-11,22.974361,121.156697,0.6309
C0SA60,知本（水試所）,2024-10-11,22.702394,121.082761,0.56
C0SA80,土坂,2024-10-11,22.453108,120.887572,0.6243
C0SA90,達仁林場,2024-10-11,22.264347,120.823972,0.6563
C0T870,鯉魚潭,2024-10-11,23.935639,121.508944,0.6729
C0T900,西林,2024-10-11,23.8119,121.441458,0.7109
C0T960,光復,2024-10-11,23.660694,121.424964,0.6792
C0T9A0,月眉山,2024-10-11,23.809928,121.539828,0.6809
C0T9D0,和中,2024-10-11,24.26676,121.74103,0.5922
C0T9E0,大坑,2024-10-11,23.880628,121.581981,0.6835
C0T9F0,水璉,2024-10-11,23.797131,121.542514,0.7151
C0T9I0,豐濱,2024-10-11,23.583897,121.514806,0.677
C0T9M0,靜浦,2024-10-11,23.455167,121.495028,0.6674
C0T9N0,富里,2024-10-11,23.171639,121.249378,0.5945
C0U600,礁溪,2024-10-11,24.817539,121.765608,0.6026
C0U650,玉蘭,2024-10-11,24.675286,121.587061,0.5676
C0U750,龜山島,2024-10-11,24.841667,121.953133,0.6455
C0U760,東澳,2024-10-11,24.52196,121.83318,0.6027
C0U770,南澳,2024-10-11,24.44935,121.81022,0.6157
C0U780,五結,2024-10-11,24.68637,121.79794,0.5849
C0U860,頭城,2024-10-11,24.85323,121.8308,0.6011
C0U870,大礁溪,2024-10-11,24.791042,121.675047,0.5932
C0U880,北關,2024-10-11,24.9072,121.8734,0.5719
C0U890,三星,2024-10-11,24.66812,121.65302,0.5517
C0U900,內城,2024-10-11,24.71813,121.68766,0.5873
C0U910,冬山,2024-10-11,24.63373,121.7937,0.5832
C0U940,羅東,2024-10-11,24.68184,121.74934,0.5872
C0U970,大福,2024-10-11,24.80064,121.81389,0.623
C0U990,員山,2024-10-11,24.74435,121.72247,0.5853
C0UA00,土場,2024-10-11,24.576533,121.495333,0.5864
C0UA80,大溪漁港,2024-10-11,24.941801,121.902955,0.5465
C0UA90,石城,2024-10-11,24.980444,121.951214,0.544
C0UB00,淡江大學蘭陽校園,2024-10-11,24.823239,121.730383,0.6114
C0UB10,蘇澳,2024-10-11,24.5969,121.8571,0.5463
C0UB20,壯圍,2024-10-11,24.7359,121.8163,0.5862
C0V310,美濃,2024-10-11,22.898742,120.519153,0.5854
C0V350,溪埔,2024-10-11,22.738578,120.446797,0.6317
C0V360,內門,2024-10-11,22.975481,120.466769,0.6335
C0V370,古亭坑,2024-10-11,22.893178,120.401947,0.6208
C0V400,阿公店,2024-10-11,22.804194,120.355528,0.5996
C0V440,鳳山,2024-10-11,22.646653,120.356122,0.6412
C0V450,鳳森,2024-10-11,22.545064,120.392592,0.6134
C0V490,新興,2024-10-11,22.627422,120.298803,0.5967
C0V530,阿蓮,2024-10-11,22.883208,120.327508,0.6049
C0V610,梓官,2024-10-11,22.760558,120.267211,0.598
C0V620,永安,2024-10-11,22.82315,120.236856,0.5782
C0V630,茄萣,2024-10-11,22.906642,120.182608,0.5649
C0V640,湖內,2024-10-11,22.887139,120.2445,0.5669
C0V650,彌陀,2024-10-11,22.783806,120.246361,0.5713
C0V660,岡山,2024-10-11,22.797078,120.294958,0.5713
C0V680,仁武,2024-10-11,22.701083,120.347722,0.6322
C0V690,鼓山,2024-10-11,22.623325,120.275575,0.5967
C0V700,三民,2024-10-11,22.645017,120.311233,0.6104
C0V710,苓雅,2024-10-11,22.622742,120.330669,0.6328
C0V720,林園,2024-10-11,22.507747,120.394511,0.6341
C0V730,大寮,2024-10-11,22.605614,120.395717,0.6342
C0V740,旗山,2024-10-11,22.888614,120.483597,0.5861
C0V750,路竹,2024-10-11,22.854997,120.259439,0.5684
C0V760,橋頭,2024-10-11,22.757806,120.30575,0.598
C0V770,大社,2024-10-11,22.730306,120.346639,0.6204
C0V790,萬山,2024-10-11,22.905944,120.688056,0.6213
C0V800,六龜,2024-10-11,22.997889,120.633583,0.5959
C0V810,左營,2024-10-11,22.67491,120.28491,0.6104
C0V820,小林,2024-10-11,23.148408,120.63325,0.65
C0V840,鳳鼻頭,2024-10-11,22.5083,120.3591,0.6009
C0V850,蚵仔寮,2024-10-11,22.7256,120.2527,0.5974
C0V860,南寮,2024-10-11,22.7616,120.2339,0.5974
C0V870,文安,2024-10-11,22.8025,120.2164,0.5712
C0V880,興達,2024-10-11,22.8778,120.2127,0.5675
C0V890,前鎮,2024-10-11,22.5718,120.3117,0.5957
C0V900,汕尾,2024-10-11,22.4782,120.4151,0.6129
C0W200,湖西,2024-10-11,23.596314,119.67275,0.637
C0X050,東河,2024-10-11,23.296598,120.385608,0.6264
C0X060,下營,2024-10-11,23.22695,120.256261,0.5943
C0X080,佳里,2024-10-11,23.173039,120.145086,0.6189
C0X100,臺南市北區,2024-10-11,23.010394,120.194228,0.5886
C0X110,臺南市南區,2024-10-11,22.961189,120.188378,0.5712
C0X120,麻豆,2024-10-11,23.183289,120.248611,0.6009
C0X130,官田,2024-10-11,23.193217,120.315422,0.6214
C0X140,西港,2024-10-11,23.125608,120.203108,0.6185
C0X150,安定,2024-10-11,23.102614,120.227839,0.6185
C0X160,仁德,2024-10-11,22.968258,120.257689,0.5705
C0X170,關廟,2024-10-11,22.963017,120.327797,0.6246
C0X180,山上,2024-10-11,23.0757,120.363253,0.6352
C0X190,安平,2024-10-11,22.993161,120.152181,0.5886
C0X200,左鎮,2024-10-11,23.056758,120.408522,0.6153
C0X210,白河,2024-10-11,23.347466,120.414427,0.6372
C0X220,學甲,2024-10-11,23.230367,120.182187,0.6195
C0X230,鹽水,2024-10-11,23.272621,120.247641,0.6302
C0X240,關子嶺,2024-10-11,23.331169,120.508025,0.6732
C0X250,新營,2024-10-11,23.310689,120.316681,0.6258
C0X260,後壁,2024-10-11,23.366358,120.362326,0.6427
C0X280,將軍,2024-10-11,23.214999,120.13577,0.6183
C0X290,北門,2024-10-11,23.267772,120.125481,0.6183
C0X300,鹿寮,2024-10-11,23.386047,120.477331,0.6259
C0X320,柳營,2024-10-11,23.253328,120.375253,0.6303
C0Z020,明里,2024-10-11,23.208717,121.262342,0.6026
C0Z061,玉里,2024-10-11,23.3215,121.339656,0.6251
C0Z070,舞鶴,2024-10-11,23.46811,121.37407,0.6393
C0Z080,富源,2024-10-11,23.587642,121.378225,0.5929
C0Z100,東華,2024-10-11,23.89525,121.549833,0.6992
C0Z150,吉安光華,2024-10-11,23.930925,121.595153,0.6668
C0Z160,鳳林,2024-10-11,23.746114,121.453411,0.6771
C0Z170,卓溪,2024-10-11,23.3443,121.3029,0.6226
C0Z180,新城,2024-10-11,24.03946,121.60454,0.663
C0Z190,富世,2024-10-11,24.14743,121.6297,0.7256
C0Z200,萬榮,2024-10-11,23.709219,121.420106,0.6804
C0Z210,瑞穗,2024-10-11,23.5239,121.39021,0.6681
C0Z230,和平,2024-10-11,24.30717,121.77007,0.5919
C0Z270,蕃薯寮,2024-10-11,23.73835,121.540108,0.6907
C0Z280,德武,2024-10-11,23.47426,121.41071,0.6564
C0Z300,東里,2024-10-11,23.26853,121.30547,0.6007
C0Z310,清水斷崖,2024-10-11,24.218294,121.689142,0.6885
C0Z330,安通山,2024-10-11,23.290728,121.348528,0.6205
C2A540,四堵,2024-10-11,24.8926,121.745736,0.5702
C2A560,福山,2024-10-11,24.776203,121.502811,0.5677
C2A650,火燒寮,2024-10-11,25.002719,121.742892,0.5776
C2A660,瑞芳,2024-10-11,25.113169,121.801147,0.5592
C2A880,福隆,2024-10-11,25.017842,121.942083,0.5434
C2A920,富貴角,2024-10-11,25.263783,121.565258,0.5324
C2E520,大湖,2024-10-11,24.414939,120.870872,0.6761
C2E540,後龍,2024-10-11,24.606489,120.783933,0.6319
C2E540,龍溪,2024-10-11,24.606489,120.783933,0.6319
C2F000,大肚,2024-10-11,24.15295,120.572117,0.6874
C2F930,大甲,2024-10-11,24.347667,120.640403,0.6914
C2F9A0,中竹林,2024-10-11,24.103556,120.751061,0.7026
C2G640,鹿港,2024-10-11,24.0753,120.430481,0.7048
C2G840,北斗,2024-10-11,23.877586,120.514222,0.6891
C2G870,芳苑,2024-10-11,23.922303,120.320025,0.7138
C2H950,中寮,2024-10-11,23.884447,120.766406,0.6955
C2M410,馬頭山,2024-10-11,23.324361,120.582017,0.6691
C2N160,西拉雅風管處,2024-10-11,23.189481,120.335297,0.6233
C2O810,曾文,2024-10-11,23.219681,120.497328,0.6479
C2O930,玉井,2024-10-11,23.126042,120.46055,0.6352
C2O950,安南,2024-10-11,23.076694,120.144861,0.616
C2V250,甲仙,2024-10-11,23.080106,120.591758,0.6278
C2V260,月眉,2024-10-11,22.971003,120.539853,0.6019
C2W230,畜試所澎湖,2024-10-11,23.628342,119.513206,0.6425
CAG100,王功漁港,2024-10-11,23.96824,120.32586,0.7136
CAH030,茶改場竹圍站,2024-10-11,23.860083,120.637528,0.7498
CAJ050,海口故事園區,2024-10-11,23.57543,120.14121,0.6188
CAL110,布袋國中,2024-10-11,23.35893,120.18026,0.6449
CAN130,水試所海水繁養殖中心,2024-10-11,23.120802,120.07968,0.6151
CAN140,六官養殖協會,2024-10-11,23.22881,120.29962,0.5943
CAQ030,崎峰國小,2024-10-11,22.42565,120.49521,0.6129
E2K600,四湖植物園,2024-10-11,23.676986,120.163433,0.6356
E2P980,林試六龜中心,2024-10-11,22.991703,120.645722,0.5968
E2S960,林試太麻里2,2024-10-11,22.598014,120.989761,0.569
E2S960,林試太麻里2,2024-10-11,22.598,120.99775,0.5689
E2S980,林試太麻里1,2024-10-11,22.598922,120.980044,0.5728
G2AI50,關渡,2024-10-11,25.11575,121.492,0.5999
G2F820,農業試驗所,2024-10-11,24.031261,120.688133,0.614
G2F820,農試所(霧峰),2024-10-11,24.031261,120.688133,0.614
G2L020,農試嘉義分所,2024-10-11,23.485028,120.473806,0.666
G2M350,農試溪口農場,2024-10-11,23.58565,120.408111,0.6539
G2P820,農試鳳山分所,2024-10-11,22.646611,120.356083,0.6412
K2E360,苗栗農改,2024-10-11,24.495722,120.829111,0.7088
K2E360,苗栗農改場,2024-10-11,24.495722,120.829111,0.7088
K2E710,苗改生物防治研究中心,2024-10-11,24.422861,120.871833,0.6742
K2F750,種苗改良場,2024-10-11,24.225972,120.800917,0.7136
K2F750,種苗繁殖,2024-10-11,24.225972,120.800917,0.7136
U2HA50,臺大竹山,2024-10-11,23.756972,120.681556,0.679
V2C250,八德合作社,2024-10-11,24.93775,121.266389,0.6719
V2C260,八德蔬果,2024-10-11,24.978508,121.281819,0.6388
V2K610,大庄合作社,2024-10-11,23.8068,120.367939,0.6925
V2K620,麥寮合作社,2024-10-11,23.753836,120.294783,0.6418
