站號,站名,日期,lat,lon,nian
466881,新北,2024-03-17,24.959207,121.525196,0.0
466900,淡水,2024-03-17,25.164889,121.448906,0.0
466910,鞍部,2024-03-17,25.182586,121.529731,0.0
466920,臺北,2024-03-17,25.037658,121.514853,0.0
466930,竹子湖,2024-03-17,25.162078,121.544547,0.0
466940,基隆,2024-03-17,25.133314,121.740475,0.0
466950,彭佳嶼,2024-03-17,25.627975,122.079744,0.0
466990,花蓮,2024-03-17,23.975128,121.613275,0.0
467050,新屋,2024-03-17,25.006725,121.047492,0.0
467080,宜蘭,2024-03-17,24.763975,121.756528,0.0
467110,金門,2024-03-17,24.407306,118.289281,0.0
467270,田中,2024-03-17,23.873803,120.581286,0.0
467300,東吉島,2024-03-17,23.25727,119.66762,0.0
467350,澎湖,2024-03-17,23.565503,119.563094,0.0
467410,臺南,2024-03-17,22.99328,120.20492,0.0
467420,永康,2024-03-17,23.038386,120.2367,0.0
467441,高雄,2024-03-17,22.730432,120.312516,0.0
467480,嘉義,2024-03-17,23.495925,120.432906,0.0
467490,臺中,2024-03-17,24.145736,120.684075,0.0
467530,阿里山,2024-03-17,23.508208,120.813242,0.0
467540,大武,2024-03-17,22.35572,120.90374,0.0
467550,玉山,2024-03-17,23.48718,120.95943,0.0
467571,新竹,2024-03-17,24.827853,121.014219,0.0
467590,恆春,2024-03-17,22.003897,120.746339,0.0
467610,成功,2024-03-17,23.097486,121.373428,0.0
467620,蘭嶼,2024-03-17,22.0369,121.55843,0.0
467650,日月潭,2024-03-17,23.881325,120.90805,0.0
467660,臺東,2024-03-17,22.752211,121.154586,0.0
467990,馬祖,2024-03-17,26.169467,119.923158,0.0
12J990,口湖工作站,2024-03-17,23.589978,120.180394,0.0
12Q970,東港工作站,2024-03-17,22.479997,120.466058,0.0
12Q980,恆春工作站,2024-03-17,22.079678,120.714425,0.0
42HA10,萬大發電廠,2024-03-17,23.978875,121.139639,0.0
72AI40,桃改樹林分場,2024-03-17,24.944503,121.386972,0.0
72C440,桃園農改場,2024-03-17,24.950944,121.030583,0.0
72D080,桃改五峰分場,2024-03-17,24.612194,121.157167,0.0
72D680,桃改新埔分場,2024-03-17,24.834444,121.066111,0.0
72G600,臺中農改場,2024-03-17,24.003028,120.534389,0.0
72HA00,中改埔里分場,2024-03-17,23.903208,120.963364,0.0
72K220,南改斗南分場,2024-03-17,23.634556,120.477333,0.0
72M360,南改義竹分場,2024-03-17,23.360694,120.279361,0.0
72M700,南改鹿草分場,2024-03-17,23.416869,120.283061,0.0
72N100,臺南農改場,2024-03-17,23.0605,120.342194,1.0
72N240,七股研究中心,2024-03-17,23.081672,120.062894,0.0
72Q010,高雄農改場,2024-03-17,22.709333,120.525889,0.0
72S200,東改班鳩分場,2024-03-17,22.829528,121.077694,0.0
72S590,東改賓朗果園,2024-03-17,22.813889,121.071278,0.0
72T250,花蓮農改場,2024-03-17,23.975222,121.563889,0.0
72U480,花改蘭陽分場,2024-03-17,24.686306,121.716583,0.0
72V140,高改旗南分場,2024-03-17,22.857861,120.516667,0.0
82A750,茶改北部分場,2024-03-17,24.955778,121.631222,0.0
82C160,茶改場,2024-03-17,24.908472,121.185333,0.0
82H320,茶改中部分場,2024-03-17,23.875611,120.913583,0.0
82H840,茶改南部分場,2024-03-17,23.762528,120.7405,0.0
82S580,茶改東部分場,2024-03-17,22.907694,121.130139,0.0
A2C560,農工中心,2024-03-17,24.985917,121.239833,0.0
A2K360,水試臺西試驗場,2024-03-17,23.717231,120.190522,0.0
A2K630,臺大雲林校區,2024-03-17,23.730628,120.423903,0.0
A2N290,臺南蘭花園區,2024-03-17,23.340258,120.379661,0.0
B2E890,畜試北區分所,2024-03-17,24.527806,120.770972,0.0
B2N890,畜產試驗所,2024-03-17,23.058972,120.336406,0.0
B2Q810,畜試南區分所,2024-03-17,21.945583,120.802167,0.0
B2U990,畜試東區分所,2024-03-17,24.669039,121.832561,0.0
C0A520,山佳,2024-03-17,24.974944,121.402008,0.0
C0A530,坪林,2024-03-17,24.938183,121.70975,0.0
C0A540,四堵,2024-03-17,24.8926,121.745736,0.0
C0A550,泰平,2024-03-17,24.971197,121.823711,0.0
C0A560,福山,2024-03-17,24.776203,121.502811,0.0
C0A570,桶後,2024-03-17,24.848222,121.597992,0.0
C0A640,石碇,2024-03-17,24.993969,121.662917,0.0
C0A650,火燒寮,2024-03-17,25.002719,121.742892,0.0
C0A660,瑞芳,2024-03-17,25.113169,121.801147,0.0
C0A770,科教館,2024-03-17,25.096356,121.516507,0.0
C0A860,大坪,2024-03-17,25.165914,121.632969,0.0
C0A870,五指山,2024-03-17,25.132153,121.608692,0.0
C0A880,福隆,2024-03-17,25.017842,121.942083,1.0
C0A890,雙溪,2024-03-17,25.036003,121.864242,0.0
C0A920,富貴角,2024-03-17,25.263783,121.565258,0.0
C0A931,三和,2024-03-17,25.233153,121.595236,0.0
C0A940,金山,2024-03-17,25.223628,121.643967,0.0
C0A950,鼻頭角,2024-03-17,25.129036,121.923372,0.0
C0A970,三貂角,2024-03-17,25.007606,122.002058,0.0
C0A980,社子,2024-03-17,25.109508,121.469681,0.0
C0A9C0,天母,2024-03-17,25.117494,121.537169,0.0
C0A9F0,內湖,2024-03-17,25.079422,121.57545,0.0
C0AC40,大屯山,2024-03-17,25.175675,121.522408,0.0
C0AC60,三峽,2024-03-17,24.939025,121.369728,0.0
C0AC70,信義,2024-03-17,25.037822,121.564597,0.0
C0AC80,文山,2024-03-17,25.00235,121.575728,0.0
C0ACA0,新莊,2024-03-17,25.051478,121.446756,0.0
C0AD00,三芝,2024-03-17,25.258131,121.501917,0.0
C0AD10,八里,2024-03-17,25.150211,121.403947,0.0
C0AD30,蘆洲,2024-03-17,25.086594,121.472331,0.0
C0AD40,土城,2024-03-17,24.973208,121.445169,0.0
C0AD50,鶯歌,2024-03-17,24.951533,121.346294,0.0
C0AG80,中和,2024-03-17,24.991622,121.491792,0.0
C0AH00,汐止,2024-03-17,25.066881,121.658778,0.0
C0AH10,永和,2024-03-17,25.01125,121.508111,0.0
C0AH30,五分山,2024-03-17,25.07125,121.780794,0.0
C0AH40,平等,2024-03-17,25.129142,121.577086,0.0
C0AH50,林口,2024-03-17,25.072181,121.38084,0.0
C0AH70,松山,2024-03-17,25.04871,121.55042,0.0
C0AH80,深坑,2024-03-17,25.002703,121.628328,0.0
C0AH90,福山植物園,2024-03-17,24.760717,121.58135,0.0
C0AI00,五股,2024-03-17,25.07445,121.42728,0.0
C0AI10,屈尺,2024-03-17,24.92184,121.54475,0.0
C0AI20,白沙灣,2024-03-17,25.283128,121.519058,0.0
C0AI30,三重,2024-03-17,25.057328,121.500629,0.0
C0AI40,石牌,2024-03-17,25.115597,121.513139,0.0
C0AJ20,野柳,2024-03-17,25.20703,121.690021,0.0
C0AJ30,淡水觀海,2024-03-17,25.184591,121.408616,0.0
C0AJ40,石門,2024-03-17,25.273672,121.601198,0.0
C0AJ50,水湳洞,2024-03-17,25.123695,121.862238,0.0
C0AJ60,六塊厝,2024-03-17,25.24,121.4481,0.0
C0AJ70,田寮,2024-03-17,25.2698,121.4886,0.0
C0AJ80,板橋,2024-03-17,25.0107,121.4489,0.0
C0AJ90,澳底,2024-03-17,25.0552,121.9253,0.0
C0B010,七堵,2024-03-17,25.094819,121.71713,0.0
C0B020,基隆嶼,2024-03-17,25.19141,121.78391,1.0
C0B040,大武崙,2024-03-17,25.166676,121.706993,0.0
C0B050,八斗子,2024-03-17,25.144754,121.79167,0.0
C0C460,復興,2024-03-17,24.820208,121.352281,0.0
C0C480,桃園,2024-03-17,24.992425,121.323172,0.0
C0C490,八德,2024-03-17,24.928708,121.283289,0.0
C0C590,觀音,2024-03-17,25.027072,121.153317,0.0
C0C620,蘆竹,2024-03-17,25.084275,121.265767,0.0
C0C630,大溪,2024-03-17,24.882853,121.265547,0.0
C0C650,平鎮,2024-03-17,24.897503,121.214636,0.0
C0C660,楊梅,2024-03-17,24.912375,121.143047,0.0
C0C670,龍潭,2024-03-17,24.870056,121.221389,0.0
C0C680,龜山,2024-03-17,25.02846,121.38656,0.0
C0C700,中壢,2024-03-17,24.977661,121.256375,0.0
C0C710,大溪永福,2024-03-17,24.892936,121.324975,0.0
C0C720,竹圍,2024-03-17,25.112692,121.239824,0.0
C0C730,中大臨海站,2024-03-17,24.966126,121.008581,0.0
C0C740,觀音工業區,2024-03-17,25.064764,121.114856,0.0
C0C750,新興坑尾,2024-03-17,25.0061,121.0971,0.0
C0D360,梅花,2024-03-17,24.678347,121.208558,0.0
C0D430,峨眉,2024-03-17,24.6905,121.017189,0.0
C0D480,打鐵坑,2024-03-17,24.849664,121.150789,0.0
C0D540,橫山,2024-03-17,24.71116,121.11693,0.0
C0D550,雪霸,2024-03-17,24.526972,121.11605,0.0
C0D560,竹東,2024-03-17,24.767147,121.057881,0.0
C0D580,寶山,2024-03-17,24.735006,121.025192,0.0
C0D590,新豐,2024-03-17,24.87068,120.97721,0.0
C0D650,湖口,2024-03-17,24.904794,121.043628,0.0
C0D660,新竹市東區,2024-03-17,24.798681,120.986942,0.0
C0D670,海天一線,2024-03-17,24.831986,120.914438,0.0
C0D680,香山濕地,2024-03-17,24.783581,120.914988,0.0
C0D690,外湖,2024-03-17,24.917735,120.968711,0.0
C0D700,關西,2024-03-17,24.7977,121.1732,0.0
C0E420,竹南,2024-03-17,24.708978,120.888897,0.0
C0E430,南庄,2024-03-17,24.601775,121.000214,0.0
C0E550,明德,2024-03-17,24.583486,120.885411,0.0
C0E590,通霄,2024-03-17,24.471892,120.704622,0.0
C0E610,馬都安,2024-03-17,24.451272,120.930192,0.0
C0E730,頭份,2024-03-17,24.688247,120.912206,0.0
C0E740,造橋,2024-03-17,24.637056,120.864778,0.0
C0E750,苗栗,2024-03-17,24.564569,120.824575,0.0
C0E780,銅鑼,2024-03-17,24.489681,120.790853,0.0
C0E791,卓蘭,2024-03-17,24.3126,120.8244,0.0
C0E810,西湖,2024-03-17,24.562947,120.7485,0.0
C0E820,獅潭,2024-03-17,24.539133,120.920042,0.0
C0E830,苑裡,2024-03-17,24.439714,120.653053,0.0
C0E850,大河,2024-03-17,24.618069,120.948578,0.0
C0E870,高鐵苗栗,2024-03-17,24.60725,120.826094,0.0
C0E910,海埔,2024-03-17,24.648767,120.772435,0.0
C0E920,通霄漁港,2024-03-17,24.498589,120.673876,0.0
C0E930,龍鳳,2024-03-17,24.700034,120.859125,0.0
C0F0B0,石岡,2024-03-17,24.276061,120.777644,0.0
C0F0C0,中坑,2024-03-17,24.248517,120.903319,0.0
C0F0D0,審馬陣,2024-03-17,24.381675,121.4203,0.0
C0F0E0,南湖圈谷,2024-03-17,24.363714,121.444667,0.0
C0F850,東勢,2024-03-17,24.246428,120.833047,0.0
C0F861,梨山,2024-03-17,24.247522,121.243669,0.0
C0F970,大坑,2024-03-17,24.173142,120.722289,0.0
C0F9I0,神岡,2024-03-17,24.272481,120.658314,0.0
C0F9K0,大安,2024-03-17,24.345061,120.588025,0.0
C0F9L0,后里,2024-03-17,24.310436,120.729725,0.0
C0F9M0,豐原,2024-03-17,24.254322,120.720692,0.0
C0F9N0,大里,2024-03-17,24.092464,120.701378,0.0
C0F9O0,潭子,2024-03-17,24.213106,120.703933,0.0
C0F9P0,清水,2024-03-17,24.312297,120.562242,0.0
C0F9Q0,外埔,2024-03-17,24.347817,120.705686,0.0
C0F9R0,龍井,2024-03-17,24.184536,120.528972,0.0
C0F9S0,烏日,2024-03-17,24.107058,120.624103,0.0
C0F9T0,西屯,2024-03-17,24.179494,120.641275,0.0
C0F9U0,南屯,2024-03-17,24.137006,120.637969,0.0
C0F9V0,新社,2024-03-17,24.200172,120.815806,0.0
C0F9X0,大雅(中科園區),2024-03-17,24.21528,120.62445,0.0
C0F9Y0,桃山,2024-03-17,24.432739,121.303808,0.0
C0F9Z0,雪山東峰,2024-03-17,24.388792,121.268675,0.0
C0FA10,松柏,2024-03-17,24.429115,120.617482,0.0
C0FA20,溫寮,2024-03-17,24.372177,120.583125,0.0
C0FA30,梧棲,2024-03-17,24.256003,120.523381,0.0
C0FA40,臺中電廠,2024-03-17,24.2146,120.4907,0.0
C0FA50,霧峰,2024-03-17,24.0419,120.6995,0.0
C0G620,芬園,2024-03-17,24.015678,120.6213,0.0
C0G650,員林,2024-03-17,23.946503,120.585597,0.0
C0G660,溪湖,2024-03-17,23.94835,120.479122,0.0
C0G720,溪州,2024-03-17,23.851589,120.499093,0.0
C0G730,二林,2024-03-17,23.903325,120.376081,0.0
C0G740,大城,2024-03-17,23.852487,120.320935,0.0
C0G770,福興,2024-03-17,24.041289,120.437669,0.0
C0G780,秀水,2024-03-17,24.03405,120.503869,0.0
C0G800,埔鹽,2024-03-17,24.000394,120.431683,0.0
C0G810,埔心,2024-03-17,23.947633,120.525456,0.0
C0G820,田尾,2024-03-17,23.901669,120.509389,0.0
C0G830,埤頭,2024-03-17,23.866003,120.452806,0.0
C0G860,社頭,2024-03-17,23.897647,120.5862,0.0
C0G880,二水,2024-03-17,23.810742,120.6173,0.0
C0G890,伸港,2024-03-17,24.148933,120.484403,0.0
C0G900,線西,2024-03-17,24.143358,120.443536,0.0
C0G910,花壇,2024-03-17,24.032076,120.549461,0.0
C0G920,永靖,2024-03-17,23.924703,120.547533,0.0
C0G940,竹塘,2024-03-17,23.848253,120.386764,0.0
C0G950,防潮門,2024-03-17,24.1835,120.4871,0.0
C0G960,福寶,2024-03-17,24.0443,120.3814,0.0
C0G970,三豐,2024-03-17,23.882,120.2895,0.0
C0H890,埔里,2024-03-17,23.972169,120.952425,0.0
C0H960,草屯,2024-03-17,23.973672,120.68085,0.0
C0H990,昆陽,2024-03-17,24.121322,121.273642,0.0
C0H9A0,神木村,2024-03-17,23.532742,120.843667,0.0
C0H9C0,合歡山,2024-03-17,24.143442,121.272547,0.0
C0I010,廬山,2024-03-17,24.033311,121.181808,0.0
C0I080,信義,2024-03-17,23.689694,120.851036,0.0
C0I110,竹山,2024-03-17,23.761225,120.688156,0.0
C0I360,水里,2024-03-17,23.812553,120.849792,0.0
C0I370,魚池,2024-03-17,23.895703,120.94135,0.0
C0I380,集集,2024-03-17,23.828206,120.801467,0.0
C0I390,仁愛,2024-03-17,24.022122,121.132206,0.0
C0I410,名間,2024-03-17,23.837053,120.701447,0.0
C0I420,國姓,2024-03-17,24.037803,120.855072,0.0
C0I460,南投,2024-03-17,23.911469,120.687331,0.0
C0I480,梅峰,2024-03-17,24.085272,121.173572,0.0
C0I490,萬大林道,2024-03-17,23.928228,121.091411,0.0
C0I520,玉山風口,2024-03-17,23.470489,120.955994,0.0
C0I530,小奇萊,2024-03-17,24.131764,121.295717,0.0
C0I540,奇萊稜線,2024-03-17,24.109231,121.326456,0.0
C0K250,崙背,2024-03-17,23.75555,120.318925,0.0
C0K280,四湖,2024-03-17,23.630414,120.227125,0.0
C0K291,宜梧,2024-03-17,23.536281,120.169329,0.0
C0K330,虎尾,2024-03-17,23.719183,120.442036,0.0
C0K390,土庫,2024-03-17,23.679029,120.395574,0.0
C0K400,斗六,2024-03-17,23.720583,120.541127,0.0
C0K410,北港,2024-03-17,23.573957,120.292802,0.0
C0K420,西螺,2024-03-17,23.800407,120.467394,0.0
C0K430,褒忠,2024-03-17,23.690938,120.303634,0.0
C0K440,二崙,2024-03-17,23.772797,120.408944,0.0
C0K450,大埤,2024-03-17,23.646074,120.431537,0.0
C0K460,斗南,2024-03-17,23.678734,120.478359,0.0
C0K470,林內,2024-03-17,23.748675,120.609642,0.0
C0K480,莿桐,2024-03-17,23.761192,120.502372,0.0
C0K500,元長,2024-03-17,23.64981,120.315024,0.0
C0K510,水林,2024-03-17,23.572924,120.24597,0.0
C0K530,臺西,2024-03-17,23.701547,120.197559,0.0
C0K550,蔦松,2024-03-17,23.514319,120.229736,0.0
C0K560,棋山,2024-03-17,23.68645,120.603417,0.0
C0K580,高鐵雲林,2024-03-17,23.737456,120.417944,0.0
C0K590,雲林東勢,2024-03-17,23.674192,120.255721,0.0
C0K600,箔子寮,2024-03-17,23.6197,120.14,0.0
C0M520,東後寮,2024-03-17,23.369908,120.248065,0.0
C0M530,奮起湖,2024-03-17,23.493903,120.699253,0.0
C0M640,中埔,2024-03-17,23.42538,120.5229,0.0
C0M650,朴子,2024-03-17,23.43463,120.23902,0.0
C0M660,溪口,2024-03-17,23.604131,120.403569,0.0
C0M670,大林,2024-03-17,23.600616,120.45841,0.0
C0M680,太保,2024-03-17,23.455062,120.331455,0.0
C0M690,水上,2024-03-17,23.419734,120.388909,0.0
C0M700,竹崎,2024-03-17,23.526178,120.555508,0.0
C0M710,東石,2024-03-17,23.458927,120.15385,0.0
C0M720,番路,2024-03-17,23.464657,120.554156,0.0
C0M730,嘉義市東區,2024-03-17,23.457673,120.460531,0.0
C0M740,六腳,2024-03-17,23.492871,120.290625,0.0
C0M750,布袋,2024-03-17,23.380878,120.167789,0.0
C0M760,民雄,2024-03-17,23.551754,120.428457,0.0
C0M770,嘉義梅山,2024-03-17,23.585398,120.555587,0.0
C0M780,鹿草,2024-03-17,23.41134,120.30835,0.0
C0M790,新港,2024-03-17,23.553269,120.345728,0.0
C0M800,茶山,2024-03-17,23.299075,120.664767,0.0
C0M810,里佳,2024-03-17,23.389125,120.716647,0.0
C0M820,達邦,2024-03-17,23.453994,120.749517,0.0
C0M850,表湖,2024-03-17,23.24186,120.64166,0.0
C0M860,新美,2024-03-17,23.338017,120.683169,0.0
C0M880,好美里,2024-03-17,23.3364,120.138,0.0
C0N010,鯤鯓國小,2024-03-17,23.1879,120.0889,0.0
C0N020,城西,2024-03-17,23.0568,120.0956,0.0
C0N030,四草,2024-03-17,23.0235,120.1116,0.0
C0N040,蘆竹溝,2024-03-17,23.2344,120.0961,0.0
C0N050,蚵寮,2024-03-17,23.301,120.1104,0.0
C0O830,北寮,2024-03-17,23.079561,120.495008,1.0
C0O840,王爺宮,2024-03-17,23.222064,120.40085,0.0
C0O860,大內,2024-03-17,23.11885,120.36083,0.0
C0O900,善化,2024-03-17,23.112883,120.297219,0.0
C0O960,崎頂,2024-03-17,22.959547,120.369317,1.0
C0O970,虎頭埤,2024-03-17,23.021375,120.347878,1.0
C0O980,新市,2024-03-17,23.061614,120.298197,0.0
C0O990,媽廟,2024-03-17,22.99175,120.293525,0.0
C0R100,尾寮山,2024-03-17,22.833111,120.683889,0.0
C0R130,阿禮,2024-03-17,22.742908,120.743678,0.0
C0R140,瑪家,2024-03-17,22.682903,120.686639,0.0
C0R150,三地門,2024-03-17,22.709889,120.639944,0.0
C0R160,鹽埔,2024-03-17,22.739558,120.530778,0.0
C0R170,屏東,2024-03-17,22.660269,120.494072,0.0
C0R190,赤山,2024-03-17,22.592333,120.614306,0.0
C0R220,潮州,2024-03-17,22.534361,120.54,0.0
C0R240,來義,2024-03-17,22.527306,120.625111,0.0
C0R260,春日,2024-03-17,22.370361,120.628306,0.0
C0R270,琉球嶼,2024-03-17,22.332244,120.362236,0.0
C0R320,車城,2024-03-17,22.0744,120.716247,0.0
C0R341,牡丹,2024-03-17,22.130036,120.792639,0.0
C0R350,貓鼻頭,2024-03-17,21.921774,120.7358,0.0
C0R440,大漢山,2024-03-17,22.405264,120.753181,0.0
C0R470,高樹,2024-03-17,22.826389,120.600806,0.0
C0R480,長治,2024-03-17,22.693128,120.542622,0.0
C0R490,九如,2024-03-17,22.7405,120.490503,0.0
C0R520,崁頂,2024-03-17,22.514781,120.506914,0.0
C0R540,佳冬,2024-03-17,22.419456,120.552375,0.0
C0R550,新埤,2024-03-17,22.467947,120.582894,0.0
C0R560,新園,2024-03-17,22.5434,120.461558,0.0
C0R570,麟洛,2024-03-17,22.65078,120.52719,0.0
C0R580,南州,2024-03-17,22.48591,120.50274,0.0
C0R590,里港,2024-03-17,22.77919,120.49459,0.0
C0R600,舊泰武,2024-03-17,22.588194,120.664944,0.0
C0R620,墾雷,2024-03-17,21.900836,120.855269,0.0
C0R640,東港,2024-03-17,22.46247,120.44074,0.0
C0R650,竹田,2024-03-17,22.58486,120.54344,1.0
C0R660,枋寮,2024-03-17,22.367722,120.590647,0.0
C0R670,楓港,2024-03-17,22.190131,120.692156,0.0
C0R680,佳樂水,2024-03-17,21.993578,120.861633,0.0
C0R690,墾丁,2024-03-17,21.966756,120.810269,0.0
C0R700,枋山,2024-03-17,22.246844,120.661086,0.0
C0R710,龍磐,2024-03-17,21.931672,120.838942,0.0
C0R720,旭海,2024-03-17,22.205403,120.887614,0.0
C0R730,大坪頂,2024-03-17,22.024633,120.69355,0.0
C0R740,獅子,2024-03-17,22.201569,120.70525,0.0
C0R750,四林格山,2024-03-17,22.076989,120.802439,0.0
C0R760,南仁湖,2024-03-17,22.084681,120.863353,0.0
C0R770,保力,2024-03-17,22.071122,120.764111,0.0
C0R780,滿州,2024-03-17,22.024403,120.839892,0.0
C0R790,九棚,2024-03-17,22.14195,120.889281,0.0
C0R800,丹路,2024-03-17,22.204481,120.750989,0.0
C0R810,內獅,2024-03-17,22.305064,120.642986,0.0
C0R820,白鷺,2024-03-17,22.454275,120.666219,0.0
C0R830,高士,2024-03-17,22.121825,120.836781,0.0
C0R840,牡丹池山,2024-03-17,22.168389,120.841225,0.0
C0R850,林邊,2024-03-17,22.4634,120.5339,0.0
C0R860,鼻頭,2024-03-17,22.1043,120.8979,0.0
C0R870,興海,2024-03-17,21.9752,120.8439,0.0
C0R880,後壁湖,2024-03-17,21.9457,120.7457,0.0
C0R890,山海,2024-03-17,21.9878,120.7091,0.0
C0R900,竹坑,2024-03-17,22.1385,120.7022,0.0
C0R910,下寮,2024-03-17,22.3929,120.5548,0.0
C0R920,塭仔,2024-03-17,22.4169,120.5197,0.0
C0R930,萬丹,2024-03-17,22.5885,120.4851,0.0
C0R940,加祿堂,2024-03-17,22.3363,120.6217,0.0
C0S660,下馬,2024-03-17,23.150427,121.070312,0.0
C0S690,太麻里,2024-03-17,22.60902,120.98533,0.0
C0S700,知本,2024-03-17,22.684866,121.005642,0.0
C0S710,鹿野,2024-03-17,22.917711,121.122994,0.0
C0S730,綠島,2024-03-17,22.6672,121.47533,0.0
C0S740,池上,2024-03-17,23.119628,121.209469,0.0
C0S750,向陽,2024-03-17,23.248397,120.986133,0.0
C0S760,紅石,2024-03-17,23.069131,121.126219,0.0
C0S770,大溪山,2024-03-17,22.478475,120.943325,0.0
C0S790,金崙,2024-03-17,22.538122,120.966875,0.0
C0S810,東河,2024-03-17,22.972672,121.303986,0.0
C0S830,長濱,2024-03-17,23.286817,121.411975,0.0
C0S840,南田,2024-03-17,22.279725,120.889208,0.0
C0S890,關山,2024-03-17,23.0395,121.175017,0.0
C0S900,蘭嶼高中,2024-03-17,22.04909,121.51214,0.0
C0S910,蘭嶼燈塔,2024-03-17,22.081197,121.503117,0.0
C0S920,金峰嘉蘭,2024-03-17,22.594789,120.960825,0.0
C0S930,延平,2024-03-17,22.902581,121.084058,0.0
C0S940,石寧山,2024-03-17,23.223772,121.406639,0.0
C0S950,七塊厝,2024-03-17,22.954453,121.229922,0.0
C0S960,香蘭,2024-03-17,22.587569,120.993375,0.0
C0S970,加津林,2024-03-17,22.416211,120.926942,0.0
C0S980,勝林山,2024-03-17,22.430439,120.8938,0.0
C0S990,山豬窟,2024-03-17,22.318619,120.857372,0.0
C0SA00,歷坵,2024-03-17,22.520969,120.89185,0.0
C0SA10,檳榔四格山,2024-03-17,22.810031,121.109308,0.0
C0SA20,金崙山,2024-03-17,22.567419,120.959667,0.0
C0SA30,都歷,2024-03-17,23.020333,121.323642,0.0
C0SA40,瑞和,2024-03-17,22.974361,121.156697,0.0
C0SA60,知本（水試所）,2024-03-17,22.702394,121.082761,0.0
C0SA80,土坂,2024-03-17,22.453108,120.887572,0.0
C0SA90,達仁林場,2024-03-17,22.264347,120.823972,0.0
C0T790,大禹嶺,2024-03-17,24.186117,121.316086,0.0
C0T820,天祥,2024-03-17,24.179597,121.495639,0.0
C0T870,鯉魚潭,2024-03-17,23.935639,121.508944,0.0
C0T900,西林,2024-03-17,23.8119,121.441458,0.0
C0T960,光復,2024-03-17,23.660694,121.424964,0.0
C0T9A0,月眉山,2024-03-17,23.809928,121.539828,0.0
C0T9B0,水源,2024-03-17,23.991861,121.537169,0.0
C0T9D0,和中,2024-03-17,24.26676,121.74103,0.0
C0T9E0,大坑,2024-03-17,23.880628,121.581981,0.0
C0T9F0,水璉,2024-03-17,23.797131,121.542514,0.0
C0T9G0,鳳林山,2024-03-17,23.735269,121.420131,0.0
C0T9H0,加路蘭山,2024-03-17,23.682947,121.5274,0.0
C0T9I0,豐濱,2024-03-17,23.583897,121.514806,0.0
C0T9M0,靜浦,2024-03-17,23.455167,121.495028,0.0
C0T9N0,富里,2024-03-17,23.171639,121.249378,0.0
C0U520,雙連埤,2024-03-17,24.753033,121.641303,0.0
C0U600,礁溪,2024-03-17,24.817539,121.765608,0.0
C0U650,玉蘭,2024-03-17,24.675286,121.587061,0.0
C0U710,太平山,2024-03-17,24.505486,121.525656,0.0
C0U720,南山,2024-03-17,24.43742,121.38167,0.0
C0U750,龜山島,2024-03-17,24.841667,121.953133,0.0
C0U760,東澳,2024-03-17,24.52196,121.83318,0.0
C0U770,南澳,2024-03-17,24.44935,121.81022,0.0
C0U780,五結,2024-03-17,24.68637,121.79794,0.0
C0U860,頭城,2024-03-17,24.85323,121.8308,0.0
C0U870,大礁溪,2024-03-17,24.791042,121.675047,0.0
C0U880,北關,2024-03-17,24.9072,121.8734,0.0
C0U890,三星,2024-03-17,24.66812,121.65302,0.0
C0U900,內城,2024-03-17,24.71813,121.68766,0.0
C0U910,冬山,2024-03-17,24.63373,121.7937,0.0
C0U940,羅東,2024-03-17,24.68184,121.74934,0.0
C0U950,鶯子嶺,2024-03-17,24.89754,121.79244,0.0
C0U960,翠峰湖,2024-03-17,24.510856,121.608044,0.0
C0U970,大福,2024-03-17,24.80064,121.81389,0.0
C0U980,坪林石牌,2024-03-17,24.86478,121.77396,0.0
C0U990,員山,2024-03-17,24.74435,121.72247,0.0
C0UA00,土場,2024-03-17,24.576533,121.495333,0.0
C0UA10,鴛鴦湖,2024-03-17,24.590269,121.412228,0.0
C0UA20,多加屯,2024-03-17,24.368614,121.373189,0.0
C0UA30,白嶺,2024-03-17,24.527819,121.519031,0.0
C0UA40,西德山,2024-03-17,24.560647,121.752608,0.0
C0UA50,西帽山,2024-03-17,24.555361,121.802628,0.0
C0UA60,樟樹山,2024-03-17,24.41393,121.78325,0.0
C0UA70,桃源谷,2024-03-17,24.962606,121.888875,0.0
C0UA80,大溪漁港,2024-03-17,24.941801,121.902955,0.0
C0UA90,石城,2024-03-17,24.980444,121.951214,0.0
C0UB00,淡江大學蘭陽校園,2024-03-17,24.823239,121.730383,0.0
C0UB10,蘇澳,2024-03-17,24.5969,121.8571,0.0
C0UB20,壯圍,2024-03-17,24.7359,121.8163,0.0
C0V210,復興,2024-03-17,23.222403,120.806089,0.0
C0V310,美濃,2024-03-17,22.898742,120.519153,0.0
C0V350,溪埔,2024-03-17,22.738578,120.446797,0.0
C0V360,內門,2024-03-17,22.975481,120.466769,1.0
C0V370,古亭坑,2024-03-17,22.893178,120.401947,1.0
C0V400,阿公店,2024-03-17,22.804194,120.355528,0.0
C0V440,鳳山,2024-03-17,22.646653,120.356122,0.0
C0V450,鳳森,2024-03-17,22.545064,120.392592,0.0
C0V490,新興,2024-03-17,22.627422,120.298803,0.0
C0V530,阿蓮,2024-03-17,22.883208,120.327508,0.0
C0V610,梓官,2024-03-17,22.760558,120.267211,0.0
C0V620,永安,2024-03-17,22.82315,120.236856,0.0
C0V630,茄萣,2024-03-17,22.906642,120.182608,0.0
C0V640,湖內,2024-03-17,22.887139,120.2445,0.0
C0V650,彌陀,2024-03-17,22.783806,120.246361,0.0
C0V660,岡山,2024-03-17,22.797078,120.294958,0.0
C0V680,仁武,2024-03-17,22.701083,120.347722,0.0
C0V690,鼓山,2024-03-17,22.623325,120.275575,0.0
C0V700,三民,2024-03-17,22.645017,120.311233,0.0
C0V710,苓雅,2024-03-17,22.622742,120.330669,0.0
C0V720,林園,2024-03-17,22.507747,120.394511,0.0
C0V730,大寮,2024-03-17,22.605614,120.395717,0.0
C0V740,旗山,2024-03-17,22.888614,120.483597,0.0
C0V750,路竹,2024-03-17,22.854997,120.259439,0.0
C0V760,橋頭,2024-03-17,22.757806,120.30575,0.0
C0V770,大社,2024-03-17,22.730306,120.346639,0.0
C0V790,萬山,2024-03-17,22.905944,120.688056,0.0
C0V800,六龜,2024-03-17,22.997889,120.633583,0.0
C0V810,左營,2024-03-17,22.67491,120.28491,0.0
C0V820,小林,2024-03-17,23.148408,120.63325,0.0
C0V840,鳳鼻頭,2024-03-17,22.5083,120.3591,0.0
C0V850,蚵仔寮,2024-03-17,22.7256,120.2527,0.0
C0V860,南寮,2024-03-17,22.7616,120.2339,0.0
C0V870,文安,2024-03-17,22.8025,120.2164,0.0
C0V880,興達,2024-03-17,22.8778,120.2127,0.0
C0V890,前鎮,2024-03-17,22.5718,120.3117,0.0
C0V900,汕尾,2024-03-17,22.4782,120.4151,0.0
C0W110,東莒,2024-03-17,25.9652,119.98069,0.0
C0W120,西嶼,2024-03-17,23.5626,119.468436,0.0
C0W130,花嶼,2024-03-17,23.40007,119.32276,0.0
C0W140,金沙,2024-03-17,24.488292,118.408778,0.0
C0W150,金寧,2024-03-17,24.457703,118.328989,0.0
C0X050,東河,2024-03-17,23.296598,120.385608,0.0
C0X060,下營,2024-03-17,23.22695,120.256261,0.0
C0X080,佳里,2024-03-17,23.173039,120.145086,1.0
C0X100,臺南市北區,2024-03-17,23.010394,120.194228,0.0
C0X110,臺南市南區,2024-03-17,22.961189,120.188378,0.0
C0X120,麻豆,2024-03-17,23.183289,120.248611,0.0
C0X130,官田,2024-03-17,23.193217,120.315422,0.0
C0X140,西港,2024-03-17,23.125608,120.203108,0.0
C0X150,安定,2024-03-17,23.102614,120.227839,0.0
C0X160,仁德,2024-03-17,22.968258,120.257689,0.0
C0X170,關廟,2024-03-17,22.963017,120.327797,1.0
C0X180,山上,2024-03-17,23.0757,120.363253,0.0
C0X190,安平,2024-03-17,22.993161,120.152181,0.0
C0X200,左鎮,2024-03-17,23.056758,120.408522,0.0
C0X210,白河,2024-03-17,23.347466,120.414427,0.0
C0X220,學甲,2024-03-17,23.230367,120.182187,0.0
C0X230,鹽水,2024-03-17,23.272621,120.247641,0.0
C0X240,關子嶺,2024-03-17,23.331169,120.508025,0.0
C0X250,新營,2024-03-17,23.310689,120.316681,0.0
C0X260,後壁,2024-03-17,23.366358,120.362326,0.0
C0X280,將軍,2024-03-17,23.214999,120.13577,0.0
C0X290,北門,2024-03-17,23.267772,120.125481,0.0
C0X300,鹿寮,2024-03-17,23.386047,120.477331,0.0
C0X310,七股,2024-03-17,23.147289,120.086253,0.0
C0X320,柳營,2024-03-17,23.253328,120.375253,0.0
C0Z020,明里,2024-03-17,23.208717,121.262342,0.0
C0Z050,佳心,2024-03-17,23.34567,121.21316,0.0
C0Z061,玉里,2024-03-17,23.3215,121.339656,0.0
C0Z070,舞鶴,2024-03-17,23.46811,121.37407,0.0
C0Z080,富源,2024-03-17,23.587642,121.378225,0.0
C0Z100,東華,2024-03-17,23.89525,121.549833,0.0
C0Z150,吉安光華,2024-03-17,23.930925,121.595153,0.0
C0Z160,鳳林,2024-03-17,23.746114,121.453411,0.0
C0Z170,卓溪,2024-03-17,23.3443,121.3029,0.0
C0Z180,新城,2024-03-17,24.040486,121.604878,0.0
C0Z190,富世,2024-03-17,24.14743,121.6297,0.0
C0Z200,萬榮,2024-03-17,23.709219,121.420106,0.0
C0Z210,瑞穗,2024-03-17,23.5239,121.39021,0.0
C0Z220,和平林道,2024-03-17,24.343922,121.656317,0.0
C0Z230,和平,2024-03-17,24.30717,121.77007,0.0
C0Z250,瑞穗林道,2024-03-17,23.49284,121.30688,0.0
C0Z270,蕃薯寮,2024-03-17,23.73835,121.540108,0.0
C0Z280,德武,2024-03-17,23.47426,121.41071,0.0
C0Z290,赤柯山,2024-03-17,23.36893,121.38293,0.0
C0Z300,東里,2024-03-17,23.26853,121.30547,0.0
C0Z310,清水斷崖,2024-03-17,24.218294,121.689142,0.0
C0Z320,清水林道,2024-03-17,23.27125,121.188272,0.0
C0Z330,安通山,2024-03-17,23.290728,121.348528,0.0
C2E520,大湖,2024-03-17,24.414939,120.870872,0.0
C2E540,龍溪,2024-03-17,24.606489,120.783933,0.0
C2E880,三義,2024-03-17,24.405478,120.749819,0.0
C2F000,大肚,2024-03-17,24.15295,120.572117,0.0
C2F930,大甲,2024-03-17,24.347667,120.640403,0.0
C2F9A0,中竹林,2024-03-17,24.103556,120.751061,0.0
C2FA00,烏石坑,2024-03-17,24.273503,120.947617,0.0
C2G640,鹿港,2024-03-17,24.0753,120.430481,0.0
C2G840,北斗,2024-03-17,23.877586,120.514222,0.0
C2G870,芳苑,2024-03-17,23.922303,120.320025,0.0
C2H950,中寮,2024-03-17,23.884447,120.766406,0.0
C2I090,鳳凰,2024-03-17,23.728081,120.787347,0.0
C2K240,草嶺,2024-03-17,23.59555,120.693461,0.0
C2M410,馬頭山,2024-03-17,23.324361,120.582017,0.0
C2O810,曾文,2024-03-17,23.219681,120.497328,0.0
C2O930,玉井,2024-03-17,23.126042,120.46055,0.0
C2O950,安南,2024-03-17,23.076694,120.144861,0.0
C2V250,甲仙,2024-03-17,23.080106,120.591758,1.0
C2V260,月眉,2024-03-17,22.971003,120.539853,0.0
CAG100,王功漁港,2024-03-17,23.96824,120.32586,0.0
CAJ050,海口故事園區,2024-03-17,23.57543,120.14121,0.0
CAL110,布袋國中,2024-03-17,23.35893,120.18026,0.0
CAN130,水試所海水繁養殖中心,2024-03-17,23.120802,120.07968,0.0
CAN140,六官養殖協會,2024-03-17,23.22881,120.29962,0.0
CAQ030,崎峰國小,2024-03-17,22.42565,120.49521,0.0
E2H360,蓮華池,2024-03-17,23.918333,120.885278,0.0
E2HA20,林試畢祿溪站,2024-03-17,24.226944,121.308522,0.0
E2K600,四湖植物園,2024-03-17,23.676986,120.163433,0.0
E2P980,林試六龜中心,2024-03-17,22.991703,120.645722,0.0
E2P990,林試扇平站,2024-03-17,22.9677,120.6857,0.0
E2S960,林試太麻里2,2024-03-17,22.598,120.99775,0.0
E2S980,林試太麻里1,2024-03-17,22.598922,120.980044,0.0
G2AI50,關渡,2024-03-17,25.11575,121.492,0.0
G2F820,農試所(霧峰),2024-03-17,24.031261,120.688133,0.0
G2L020,農試嘉義分所,2024-03-17,23.485028,120.473806,0.0
G2M350,農試溪口農場,2024-03-17,23.58565,120.408111,0.0
G2P820,農試鳳山分所,2024-03-17,22.646611,120.356083,0.0
K2E360,苗栗農改場,2024-03-17,24.495722,120.829111,0.0
K2E710,苗改生物防治研究中心,2024-03-17,24.422861,120.871833,0.0
K2F750,種苗改良場,2024-03-17,24.225972,120.800917,0.0
U2H480,溪頭,2024-03-17,23.670306,120.798194,0.0
U2HA30,臺大和社,2024-03-17,23.590856,120.888864,0.0
U2HA40,臺大內茅埔,2024-03-17,23.689722,120.851117,0.0
U2HA50,臺大竹山,2024-03-17,23.756972,120.681556,0.0
V2C260,八德蔬果,2024-03-17,24.978508,121.281819,0.0
V2K610,大庄合作社,2024-03-17,23.8068,120.367939,0.0
V2K620,麥寮合作社,2024-03-17,23.753836,120.294783,0.0
